 forblC(24)
                   .000000000000000
                   .000000000000000
                   .000000000000000
                   .000000000000000
                   .000000000000000
                   .000000000000000
                   .000000000000000
                   .000000000000000
                   .000000000000000
                   .000000000000000
                   .000000000000000
                   .000000000000000
                   .000000000000000
                   .000000000000000
                   .000000000000000
                   .000000000000000
                   .000000022928400
                   .000000307240600
                   .000004998392000
                   .000063204430000
                   .000624707000000
                   .004771660000000
                   .028012110000000
                   .176456300000000
