 xmorblc(24)
                   .000000000000000
                   .000000000000000
                   .000000000000000
                   .000000000000000
                   .000000000000000
                   .000000000000000
                   .000000000000000
                   .000000000000000
                   .000000000000000
                   .000000000000000
                   .000000000000000
                   .000000000000000
                   .000000000000000
                   .000000000000000
                   .000000000000000
                   .000000000000000
                   .000000051723040
                   .000000961740600
                   .000013935230000
                   .000153701800000
                   .001288818000000
                   .007994740000000
                   .034876410000000
                   .070298960000000
