 ephi(??)
                438.705200000000000
                422.419400000000000
                406.352700000000000
                390.494500000000000
                374.810800000000000
                359.268400000000000
                343.843800000000000
                328.507700000000000
                313.242400000000000
                297.984300000000000
                282.621100000000000
                267.063400000000000
                251.140600000000000
                234.581800000000000
                217.982500000000000
                202.410600000000000
                188.125900000000000
                174.928600000000000
                162.782400000000000
                151.835700000000000
                140.369800000000000
                125.772900000000000
                107.155800000000000
                 84.168240000000000
                 57.228180000000000
                   .000000000000000
