 xmorblc(24)
                   .000000000000000
                   .000000000000000
                   .000000000000000
                   .000000000000000
                   .000000000000000
                   .000000000000000
                   .000000000000000
                   .000000000000000
                   .000000000000000
                   .000000000000000
                   .000000000000000
                   .000000000000000
                   .000000000000000
                   .000000009051531
                   .000000109049400
                   .000001476323000
                   .000016665840000
                   .000151012800000
                   .001040449000000
                   .005463122000000
                   .021022080000000
                   .056994870000000
                   .090177710000000
                  -.000150017400000
