   n0    forbl   xmorbl  eorbl
  1      .003      .005      .010
  2      .005      .009      .016
  3      .006      .010      .019
  4      .008      .012      .021
  5      .009      .014      .024
  6      .010      .016      .028
  7      .012      .018      .031
  8      .014      .020      .035
  9      .016      .023      .039
 10      .019      .026      .044
 11      .022      .029      .050
 12      .025      .032      .056
 13      .029      .036      .063
 14      .034      .040      .072
 15      .039      .044      .082
 16      .046      .049      .095
 17      .054      .053      .112
 18      .065      .057      .135
 19      .080      .059      .164
 20      .101      .059      .205
 21      .134      .054      .259
 22      .190      .044      .331
 23      .280      .027      .416
 24      .408      .007      .483
   n0    forblC   xmorblC  eorblC
  1      .000      .000      .000
  2      .000      .000      .000
  3      .000      .000      .000
  4      .000      .000      .000
  5      .000      .000      .000
  6      .000      .000      .000
  7      .000      .000      .000
  8      .000      .000      .000
  9      .000      .000      .000
 10      .000      .000      .000
 11      .000      .000      .000
 12      .000      .000      .000
 13      .000      .000      .000
 14      .000      .000      .000
 15      .000      .000      .000
 16      .000      .000      .001
 17      .000      .000      .001
 18      .000      .001      .002
 19      .000      .001      .002
 20      .001      .001      .003
 21      .001      .002      .004
 22      .002      .004      .009
 23      .009      .011      .030
 24      .074      .030      .179
  n0   intrinD   intrinC  NBIreturn   Snbi      dFdr
  1  .178E+04  .189E-03  .000E+00  .000E+00  .437E+00
  2  .316E+04  .150E-02  .000E+00  .000E+00  .164E+00
  3  .362E+04  .445E-02  .000E+00  .000E+00  .189E+00
  4  .413E+04  .882E-02  .000E+00  .000E+00  .218E+00
  5  .469E+04  .217E-01  .000E+00  .000E+00  .250E+00
  6  .531E+04  .485E-01  .000E+00  .000E+00  .286E+00
  7  .597E+04  .107E+00  .000E+00  .000E+00  .327E+00
  8  .670E+04  .229E+00  .000E+00  .000E+00  .373E+00
  9  .747E+04  .474E+00  .000E+00  .000E+00  .426E+00
 10  .831E+04  .958E+00  .000E+00  .000E+00  .488E+00
 11  .920E+04  .188E+01  .000E+00  .000E+00  .561E+00
 12  .101E+05  .359E+01  .000E+00  .000E+00  .649E+00
 13  .111E+05  .666E+01  .000E+00  .000E+00  .764E+00
 14  .122E+05  .120E+02  .000E+00  .000E+00  .909E+00
 15  .132E+05  .207E+02  .000E+00  .000E+00  .111E+01
 16  .142E+05  .344E+02  .000E+00  .000E+00  .140E+01
 17  .151E+05  .545E+02  .000E+00  .000E+00  .180E+01
 18  .158E+05  .814E+02  .000E+00  .000E+00  .245E+01
 19  .159E+05  .114E+03  .000E+00  .000E+00  .358E+01
 20  .153E+05  .152E+03  .000E+00  .000E+00  .557E+01
 21  .137E+05  .208E+03  .000E+00  .000E+00  .922E+01
 22  .107E+05  .372E+03  .000E+00  .000E+00  .151E+02
 23  .622E+04  .105E+04  .000E+00  .000E+00  .212E+02
 24  .161E+04  .265E+04  .000E+00  .000E+00  .000E+00
 n0         ffrac1    ffrac2    ffrac3         nbdep1    nbilost   nbitot
 1         .00         .00         .00       .00      .000E+00    .000E+00
 2         .00         .00         .00       .00      .000E+00    .000E+00
 3         .00         .00         .00       .00      .000E+00    .000E+00
 4         .00         .00         .00       .00      .000E+00    .000E+00
 5         .00         .00         .00       .00      .000E+00    .000E+00
 6         .00         .00         .00       .00      .000E+00    .000E+00
 7         .00         .00         .00       .00      .000E+00    .000E+00
 8         .00         .00         .00       .00      .000E+00    .000E+00
 9         .00         .00         .00       .00      .000E+00    .000E+00
10         .00         .00         .00       .00      .000E+00    .000E+00
11         .00         .00         .00       .00      .000E+00    .000E+00
12         .00         .00         .00       .00      .000E+00    .000E+00
13         .00         .00         .00       .00      .000E+00    .000E+00
14         .00         .00         .00       .00      .000E+00    .000E+00
15         .00         .00         .00       .00      .000E+00    .000E+00
16         .00         .00         .00       .00      .000E+00    .000E+00
17         .00         .00         .00       .00      .000E+00    .000E+00
18         .00         .00         .00       .00      .000E+00    .000E+00
19         .00         .00         .00       .00      .000E+00    .000E+00
20         .00         .00         .00       .00      .000E+00    .000E+00
21         .00         .00         .00       .00      .000E+00    .000E+00
22         .00         .00         .00       .00      .000E+00    .000E+00
23         .00         .00         .00       .00      .000E+00    .000E+00
24         .00         .00         .00       .00      .000E+00    .000E+00
25         .00         .00         .00       .00      .000E+00    .000E+00
26         .00         .00         .00       .00      .000E+00    .000E+00
27         .00         .00         .00       .00      .000E+00    .000E+00
28         .00         .00         .00       .00      .000E+00    .000E+00
29         .00         .00         .00       .00      .000E+00    .000E+00
30         .00         .00         .00       .00      .000E+00    .000E+00
31         .00         .00         .00       .00      .000E+00    .000E+00
32         .00         .00         .00       .00      .000E+00    .000E+00
33         .00         .00         .00       .00      .000E+00    .000E+00
34         .00         .00         .00       .00      .000E+00    .000E+00
35         .00         .00         .00       .00      .000E+00    .000E+00
36         .00         .00         .00       .00      .000E+00    .000E+00
37         .00         .00         .00       .00      .000E+00    .000E+00
38         .00         .00         .00       .00      .000E+00    .000E+00
39         .00         .00         .00       .00      .000E+00    .000E+00
40         .00         .00         .00       .00      .000E+00    .000E+00
41         .00         .00         .00       .00      .000E+00    .000E+00
42         .00         .00         .00       .00      .000E+00    .000E+00
43         .00         .00         .00       .00      .000E+00    .000E+00
44         .00         .00         .00       .00      .000E+00    .000E+00
45         .00         .00         .00       .00      .000E+00    .000E+00
46         .00         .00         .00       .00      .000E+00    .000E+00
47         .00         .00         .00       .00      .000E+00    .000E+00
48         .00         .00         .00       .00      .000E+00    .000E+00
49         .00         .00         .00       .00      .000E+00    .000E+00
50         .00         .00         .00       .00      .000E+00    .000E+00
