 xmorbl(24)
                   .004974661000000
                   .008917434000000
                   .010309470000000
                   .011872000000000
                   .013617430000000
                   .015558930000000
                   .017706830000000
                   .020078130000000
                   .022687740000000
                   .025553160000000
                   .028691740000000
                   .032118320000000
                   .035843380000000
                   .039883890000000
                   .044185310000000
                   .048638980000000
                   .053010500000000
                   .056682610000000
                   .058869370000000
                   .058541130000000
                   .054104190000000
                   .044024600000000
                   .026945210000000
                   .007357968000000
                   .000000000000000
                   .000000000000000
