     3200.322000
    19201.930000
     2979.518000
    17877.110000
     2767.911000
    16607.460000
     2565.174000
    15391.040000
     2371.027000
    14226.160000
     2185.237000
    13111.420000
     2007.622000
    12045.730000
     1838.041000
    11028.240000
     1676.400000
    10058.400000
     1522.659000
     9135.952000
     1376.828000
     8260.971000
     1238.979000
     7433.876000
     1109.249000
     6655.495000
      987.856100
     5927.137000
      875.123500
     5250.741000
      771.523200
     4629.139000
      677.746000
     4066.476000
      594.501500
     3567.009000
      521.739200
     3130.435000
      457.775600
     2746.654000
      398.486800
     2390.921000
      328.196000
     1969.176000
      225.538600
     1353.232000
      107.166500
      642.999000
