 eorblc(24)
                   .000000010190400
                   .000000044837760
                   .000000075408960
                   .000000218074600
                   .000000499329600
                   .000001072030000
                   .000002321373000
                   .000004868974000
                   .000009968249000
                   .000019838670000
                   .000038395390000
                   .000072351850000
                   .000132418200000
                   .000235023200000
                   .000403285100000
                   .000666024200000
                   .001050995000000
                   .001570757000000
                   .002217223000000
                   .003020367000000
                   .004339158000000
                   .008529600000000
                   .029752500000000
                   .179025500000000
