 minEtta(22,24)
                  9.890158000000000
                 12.170050000000000
                 15.356670000000000
                 20.017120000000000
                 21.000000000000000
                 21.000000000000000
                 21.000000000000000
                 21.000000000000000
                 21.000000000000000
                 21.000000000000000
                 21.000000000000000
                 21.000000000000000
                 21.000000000000000
                 21.000000000000000
                 21.000000000000000
                 21.000000000000000
                 21.000000000000000
                 21.000000000000000
                 21.000000000000000
                 21.000000000000000
                 21.000000000000000
                 21.000000000000000
                  8.416788000000000
                 10.223870000000000
                 12.672900000000000
                 16.102010000000000
                 21.000000000000000
                 21.000000000000000
                 21.000000000000000
                 21.000000000000000
                 21.000000000000000
                 21.000000000000000
                 21.000000000000000
                 21.000000000000000
                 21.000000000000000
                 21.000000000000000
                 21.000000000000000
                 21.000000000000000
                 21.000000000000000
                 21.000000000000000
                 21.000000000000000
                 21.000000000000000
                 21.000000000000000
                 21.000000000000000
                  7.976904000000000
                  9.691754000000000
                 12.017020000000000
                 15.275180000000000
                 20.027960000000000
                 21.000000000000000
                 21.000000000000000
                 21.000000000000000
                 21.000000000000000
                 21.000000000000000
                 21.000000000000000
                 21.000000000000000
                 21.000000000000000
                 21.000000000000000
                 21.000000000000000
                 21.000000000000000
                 21.000000000000000
                 21.000000000000000
                 21.000000000000000
                 21.000000000000000
                 21.000000000000000
                 21.000000000000000
                  7.540460000000000
                  9.163568000000000
                 11.365590000000000
                 14.453290000000000
                 18.962010000000000
                 21.000000000000000
                 21.000000000000000
                 21.000000000000000
                 21.000000000000000
                 21.000000000000000
                 21.000000000000000
                 21.000000000000000
                 21.000000000000000
                 21.000000000000000
                 21.000000000000000
                 21.000000000000000
                 21.000000000000000
                 21.000000000000000
                 21.000000000000000
                 21.000000000000000
                 21.000000000000000
                 21.000000000000000
                  7.107635000000000
                  8.639534000000000
                 10.718910000000000
                 13.636720000000000
                 17.901710000000000
                 21.000000000000000
                 21.000000000000000
                 21.000000000000000
                 21.000000000000000
                 21.000000000000000
                 21.000000000000000
                 21.000000000000000
                 21.000000000000000
                 21.000000000000000
                 21.000000000000000
                 21.000000000000000
                 21.000000000000000
                 21.000000000000000
                 21.000000000000000
                 21.000000000000000
                 21.000000000000000
                 21.000000000000000
                  6.678635000000000
                  8.119904000000000
                 10.077280000000000
                 12.825880000000000
                 16.847610000000000
                 20.897950000000000
                 21.000000000000000
                 21.000000000000000
                 21.000000000000000
                 21.000000000000000
                 21.000000000000000
                 21.000000000000000
                 21.000000000000000
                 21.000000000000000
                 21.000000000000000
                 21.000000000000000
                 21.000000000000000
                 21.000000000000000
                 21.000000000000000
                 21.000000000000000
                 21.000000000000000
                 21.000000000000000
                  6.253637000000000
                  7.604897000000000
                  9.440995000000000
                 12.021140000000000
                 15.800230000000000
                 19.514000000000000
                 21.000000000000000
                 21.000000000000000
                 21.000000000000000
                 21.000000000000000
                 21.000000000000000
                 21.000000000000000
                 21.000000000000000
                 21.000000000000000
                 21.000000000000000
                 21.000000000000000
                 21.000000000000000
                 21.000000000000000
                 21.000000000000000
                 21.000000000000000
                 21.000000000000000
                 21.000000000000000
                  5.832869000000000
                  7.094801000000000
                  8.810410000000000
                 11.222970000000000
                 14.760190000000000
                 18.139400000000000
                 20.046530000000000
                 21.000000000000000
                 21.000000000000000
                 21.000000000000000
                 21.000000000000000
                 21.000000000000000
                 21.000000000000000
                 21.000000000000000
                 21.000000000000000
                 21.000000000000000
                 21.000000000000000
                 21.000000000000000
                 21.000000000000000
                 21.000000000000000
                 21.000000000000000
                 21.000000000000000
                  5.416751000000000
                  6.590128000000000
                  8.186175000000000
                 10.432200000000000
                 13.716640000000000
                 16.776030000000000
                 18.516720000000000
                 20.323490000000000
                 21.000000000000000
                 21.000000000000000
                 21.000000000000000
                 21.000000000000000
                 21.000000000000000
                 21.000000000000000
                 21.000000000000000
                 21.000000000000000
                 21.000000000000000
                 21.000000000000000
                 21.000000000000000
                 21.000000000000000
                 21.000000000000000
                 21.000000000000000
                  5.005794000000000
                  6.091503000000000
                  7.569068000000000
                  9.649846000000000
                 12.674640000000000
                 15.426070000000000
                 17.003680000000000
                 18.646180000000000
                 20.389980000000000
                 21.000000000000000
                 21.000000000000000
                 21.000000000000000
                 21.000000000000000
                 21.000000000000000
                 21.000000000000000
                 21.000000000000000
                 21.000000000000000
                 21.000000000000000
                 21.000000000000000
                 21.000000000000000
                 21.000000000000000
                 21.000000000000000
                  4.600657000000000
                  5.599737000000000
                  6.960108000000000
                  8.877212000000000
                 11.644500000000000
                 14.092250000000000
                 15.510480000000000
                 16.992900000000000
                 18.564390000000000
                 20.206340000000000
                 21.000000000000000
                 21.000000000000000
                 21.000000000000000
                 21.000000000000000
                 21.000000000000000
                 21.000000000000000
                 21.000000000000000
                 21.000000000000000
                 21.000000000000000
                 21.000000000000000
                 21.000000000000000
                 21.000000000000000
                  4.202076000000000
                  5.115730000000000
                  6.360424000000000
                  8.115757000000000
                 10.628240000000000
                 12.777640000000000
                 14.040620000000000
                 15.367480000000000
                 16.771840000000000
                 18.236800000000000
                 19.739520000000000
                 21.000000000000000
                 21.000000000000000
                 21.000000000000000
                 21.000000000000000
                 21.000000000000000
                 21.000000000000000
                 21.000000000000000
                 21.000000000000000
                 21.000000000000000
                 21.000000000000000
                 21.000000000000000
                  3.810758000000000
                  4.640347000000000
                  5.771101000000000
                  7.366880000000000
                  9.627859000000000
                 11.485500000000000
                 12.597840000000000
                 13.774050000000000
                 15.016820000000000
                 16.311010000000000
                 17.636250000000000
                 18.967440000000000
                 20.275730000000000
                 21.000000000000000
                 21.000000000000000
                 21.000000000000000
                 21.000000000000000
                 21.000000000000000
                 21.000000000000000
                 21.000000000000000
                 21.000000000000000
                 21.000000000000000
                  3.427340000000000
                  4.174376000000000
                  5.193130000000000
                  6.631870000000000
                  8.645295000000000
                 10.219330000000000
                 11.186180000000000
                 12.217040000000000
                 13.304220000000000
                 14.434250000000000
                 15.589230000000000
                 16.747210000000000
                 17.883130000000000
                 18.970250000000000
                 19.981890000000000
                 20.893340000000000
                 21.000000000000000
                 21.000000000000000
                 21.000000000000000
                 21.000000000000000
                 21.000000000000000
                 21.000000000000000
                  3.052330000000000
                  3.718441000000000
                  4.627302000000000
                  5.911755000000000
                  7.682227000000000
                  8.973507000000000
                  9.809841000000000
                 10.701090000000000
                 11.639120000000000
                 12.612130000000000
                 13.604560000000000
                 14.597490000000000
                 15.569450000000000
                 16.497650000000000
                 17.359460000000000
                 18.134010000000000
                 18.803640000000000
                 19.355040000000000
                 19.779840000000000
                 20.074850000000000
                 20.241660000000000
                 20.286040000000000
                  2.686274000000000
                  3.273219000000000
                  4.074472000000000
                  5.207655000000000
                  6.699441000000000
                  7.760981000000000
                  8.473717000000000
                  9.231598000000000
                 10.027490000000000
                 10.851170000000000
                 11.689340000000000
                 12.525970000000000
                 13.342970000000000
                 14.121260000000000
                 14.841980000000000
                 15.487850000000000
                 16.044320000000000
                 16.500510000000000
                 16.849690000000000
                 17.089430000000000
                 17.221300000000000
                 17.250310000000000
                  2.329284000000000
                  2.838852000000000
                  3.534835000000000
                  4.519842000000000
                  5.735344000000000
                  6.587540000000000
                  7.182676000000000
                  7.813984000000000
                  8.475303000000000
                  9.157963000000000
                  9.850819000000000
                 10.540540000000000
                 11.212240000000000
                 11.850270000000000
                 12.439280000000000
                 12.965290000000000
                 13.416610000000000
                 13.784580000000000
                 14.063950000000000
                 14.252980000000000
                 14.353160000000000
                 14.368800000000000
                  1.980852000000000
                  2.414731000000000
                  3.007645000000000
                  3.847391000000000
                  4.800315000000000
                  5.457518000000000
                  5.941594000000000
                  6.453702000000000
                  6.988651000000000
                  7.539267000000000
                  8.096443000000000
                  8.649405000000000
                  9.186193000000000
                  9.694361000000000
                 10.161770000000000
                 10.577440000000000
                 10.932270000000000
                 11.219600000000000
                 11.435500000000000
                 11.578810000000000
                 11.650950000000000
                 11.655500000000000
                  1.642500000000000
                  2.002719000000000
                  2.495236000000000
                  3.184404000000000
                  3.900628000000000
                  4.379912000000000
                  4.760336000000000
                  5.161544000000000
                  5.579298000000000
                  6.007852000000000
                  6.440011000000000
                  6.867357000000000
                  7.280639000000000
                  7.670303000000000
                  8.027114000000000
                  8.342786000000000
                  8.610524000000000
                  8.825438000000000
                  8.984742000000000
                  9.087765000000000
                  9.135784000000000
                  9.131728000000000
                  1.321707000000000
                  1.611939000000000
                  2.008976000000000
                  2.539705000000000
                  3.053569000000000
                  3.374125000000000
                  3.659847000000000
                  3.960048000000000
                  4.271403000000000
                  4.589498000000000
                  4.908895000000000
                  5.223316000000000
                  5.525933000000000
                  5.809774000000000
                  6.068167000000000
                  6.295191000000000
                  6.486065000000000
                  6.637419000000000
                  6.747433000000000
                  6.815824000000000
                  6.843716000000000
                  6.833410000000000
                  1.030343000000000
                  1.256875000000000
                  1.566934000000000
                  1.937531000000000
                  2.256130000000000
                  2.465654000000000
                  2.667525000000000
                  2.878564000000000
                  3.096289000000000
                  3.317490000000000
                  3.538294000000000
                  3.754299000000000
                  3.960792000000000
                  4.153027000000000
                  4.326529000000000
                  4.477390000000000
                  4.602525000000000
                  4.699838000000000
                  4.768293000000000
                  4.807906000000000
                  4.819626000000000
                  4.805188000000000
                   .776410500000000
                   .947316100000000
                  1.158139000000000
                  1.368154000000000
                  1.547177000000000
                  1.671969000000000
                  1.802264000000000
                  1.937473000000000
                  2.075874000000000
                  2.215313000000000
                  2.353260000000000
                  2.486907000000000
                  2.613314000000000
                  2.729579000000000
                  2.833030000000000
                  2.921396000000000
                  2.992952000000000
                  3.046604000000000
                  3.081922000000000
                  3.099111000000000
                  3.098939000000000
                  3.082632000000000
                   .531650500000000
                   .634605900000000
                   .732220800000000
                   .832936000000000
                   .906277700000000
                   .974186400000000
                  1.044762000000000
                  1.117202000000000
                  1.190484000000000
                  1.263385000000000
                  1.334517000000000
                  1.402389000000000
                  1.465488000000000
                  1.522368000000000
                  1.571748000000000
                  1.612587000000000
                  1.644151000000000
                  1.666045000000000
                  1.678214000000000
                  1.680920000000000
                  1.674697000000000
                  1.660289000000000
                   .231797000000000
                   .263253900000000
                   .292504700000000
                   .317134100000000
                   .339381900000000
                   .362431700000000
                   .386033800000000
                   .409872500000000
                   .433568800000000
                   .456691600000000
                   .478773400000000
                   .499333500000000
                   .517906100000000
                   .534068200000000
                   .547467300000000
                   .557842400000000
                   .565038700000000
                   .569011500000000
                   .569821900000000
                   .567624600000000
                   .562650600000000
                   .555185700000000
                 21.000000000000000
                 21.000000000000000
                 21.000000000000000
                 21.000000000000000
                 21.000000000000000
                 21.000000000000000
                 21.000000000000000
                 21.000000000000000
                 21.000000000000000
                 21.000000000000000
                 21.000000000000000
                 21.000000000000000
                 21.000000000000000
                 21.000000000000000
                 21.000000000000000
                 21.000000000000000
                 21.000000000000000
                 21.000000000000000
                 21.000000000000000
                 21.000000000000000
                 21.000000000000000
                 21.000000000000000
                 21.000000000000000
                 21.000000000000000
                 21.000000000000000
                 21.000000000000000
                 21.000000000000000
                 21.000000000000000
                 21.000000000000000
                 21.000000000000000
                 21.000000000000000
                 21.000000000000000
                 21.000000000000000
                 21.000000000000000
                 21.000000000000000
                 21.000000000000000
                 21.000000000000000
                 21.000000000000000
                 21.000000000000000
                 21.000000000000000
                 21.000000000000000
                 21.000000000000000
                 21.000000000000000
                 21.000000000000000
                 21.000000000000000
                 21.000000000000000
                 21.000000000000000
                 21.000000000000000
                 21.000000000000000
                 21.000000000000000
                 21.000000000000000
                 21.000000000000000
                 21.000000000000000
                 21.000000000000000
                 21.000000000000000
                 21.000000000000000
                 21.000000000000000
                 21.000000000000000
                 21.000000000000000
                 21.000000000000000
                 21.000000000000000
                 21.000000000000000
                 21.000000000000000
                 21.000000000000000
                 21.000000000000000
                 21.000000000000000
                 21.000000000000000
                 21.000000000000000
                 21.000000000000000
                 21.000000000000000
                 21.000000000000000
                 21.000000000000000
                 21.000000000000000
                 21.000000000000000
                 21.000000000000000
                 21.000000000000000
                 21.000000000000000
                 21.000000000000000
                 21.000000000000000
                 21.000000000000000
                 21.000000000000000
                 21.000000000000000
                 21.000000000000000
                 21.000000000000000
                 21.000000000000000
                 21.000000000000000
                 21.000000000000000
                 21.000000000000000
                 21.000000000000000
                 21.000000000000000
                 21.000000000000000
                 21.000000000000000
                 21.000000000000000
                 21.000000000000000
                 21.000000000000000
                 21.000000000000000
                 21.000000000000000
                 21.000000000000000
                 21.000000000000000
                 21.000000000000000
                 21.000000000000000
                 21.000000000000000
                 21.000000000000000
                 21.000000000000000
                 21.000000000000000
                 21.000000000000000
                 21.000000000000000
                 21.000000000000000
                 21.000000000000000
                 21.000000000000000
                 21.000000000000000
                 21.000000000000000
                 21.000000000000000
                 21.000000000000000
                 21.000000000000000
                 21.000000000000000
                 21.000000000000000
                 21.000000000000000
                 21.000000000000000
                 21.000000000000000
                 21.000000000000000
                 21.000000000000000
                 21.000000000000000
                 21.000000000000000
                 21.000000000000000
                 21.000000000000000
                 21.000000000000000
                 21.000000000000000
                 21.000000000000000
                 21.000000000000000
                 21.000000000000000
                 21.000000000000000
                 21.000000000000000
                 21.000000000000000
                 21.000000000000000
                 21.000000000000000
                 21.000000000000000
                 21.000000000000000
                 21.000000000000000
                 21.000000000000000
                 21.000000000000000
                 21.000000000000000
                 21.000000000000000
                 21.000000000000000
                 21.000000000000000
                 21.000000000000000
                 21.000000000000000
                 21.000000000000000
                 21.000000000000000
                 21.000000000000000
                 21.000000000000000
                 21.000000000000000
                 21.000000000000000
                 21.000000000000000
                 21.000000000000000
                 21.000000000000000
                 21.000000000000000
                 21.000000000000000
                 21.000000000000000
                 21.000000000000000
                 21.000000000000000
                 21.000000000000000
                 21.000000000000000
                 21.000000000000000
                 21.000000000000000
                 21.000000000000000
                 21.000000000000000
                 21.000000000000000
                 21.000000000000000
                 21.000000000000000
                 21.000000000000000
                 21.000000000000000
                 21.000000000000000
                 21.000000000000000
                 21.000000000000000
                 21.000000000000000
                 21.000000000000000
                 21.000000000000000
                 21.000000000000000
                 21.000000000000000
                 21.000000000000000
                 21.000000000000000
                 21.000000000000000
                 21.000000000000000
                 21.000000000000000
                 21.000000000000000
                 21.000000000000000
                 21.000000000000000
                 21.000000000000000
                 21.000000000000000
                 21.000000000000000
                 21.000000000000000
                 21.000000000000000
                 21.000000000000000
                 21.000000000000000
                 21.000000000000000
                 21.000000000000000
                 21.000000000000000
                 21.000000000000000
                 21.000000000000000
                 21.000000000000000
                 21.000000000000000
                 21.000000000000000
                 21.000000000000000
                 21.000000000000000
                 21.000000000000000
                 21.000000000000000
                 21.000000000000000
                 21.000000000000000
                 21.000000000000000
                 21.000000000000000
                 21.000000000000000
                 21.000000000000000
                 21.000000000000000
                 21.000000000000000
                 21.000000000000000
                 21.000000000000000
                 21.000000000000000
                 21.000000000000000
                 21.000000000000000
                 21.000000000000000
                 21.000000000000000
                 21.000000000000000
                 21.000000000000000
                 21.000000000000000
                 21.000000000000000
                 21.000000000000000
                 21.000000000000000
                 21.000000000000000
                 21.000000000000000
                 21.000000000000000
                 21.000000000000000
                 21.000000000000000
                 21.000000000000000
                 21.000000000000000
                 21.000000000000000
                 21.000000000000000
                 21.000000000000000
                 21.000000000000000
                 21.000000000000000
                 21.000000000000000
                 21.000000000000000
                 21.000000000000000
                 21.000000000000000
                 21.000000000000000
                 21.000000000000000
                 21.000000000000000
                 21.000000000000000
                 21.000000000000000
                 21.000000000000000
                 21.000000000000000
                 21.000000000000000
                 21.000000000000000
                 21.000000000000000
                 21.000000000000000
                 21.000000000000000
                 21.000000000000000
                 21.000000000000000
                 21.000000000000000
                 21.000000000000000
                 21.000000000000000
                 21.000000000000000
                 21.000000000000000
                 21.000000000000000
                 21.000000000000000
                 21.000000000000000
                 21.000000000000000
                 21.000000000000000
                 21.000000000000000
                 21.000000000000000
                 21.000000000000000
                 21.000000000000000
                 21.000000000000000
                 21.000000000000000
                 21.000000000000000
                 21.000000000000000
                 21.000000000000000
                 21.000000000000000
                 21.000000000000000
                 21.000000000000000
                 21.000000000000000
                 21.000000000000000
                 21.000000000000000
                 21.000000000000000
                 21.000000000000000
                 21.000000000000000
                 20.564040000000000
                 21.000000000000000
                 21.000000000000000
                 21.000000000000000
                 21.000000000000000
                 21.000000000000000
                 21.000000000000000
                 21.000000000000000
                 21.000000000000000
                 21.000000000000000
                 21.000000000000000
                 21.000000000000000
                 21.000000000000000
                 21.000000000000000
                 21.000000000000000
                 21.000000000000000
                 21.000000000000000
                 21.000000000000000
                 21.000000000000000
                 21.000000000000000
                 21.000000000000000
                 21.000000000000000
                 18.313980000000000
                 21.000000000000000
                 21.000000000000000
                 21.000000000000000
                 21.000000000000000
                 21.000000000000000
                 21.000000000000000
                 21.000000000000000
                 21.000000000000000
                 21.000000000000000
                 21.000000000000000
                 21.000000000000000
                 21.000000000000000
                 21.000000000000000
                 21.000000000000000
                 21.000000000000000
                 21.000000000000000
                 21.000000000000000
                 21.000000000000000
                 21.000000000000000
                 21.000000000000000
                 21.000000000000000
                 16.117650000000000
                 19.639310000000000
                 21.000000000000000
                 21.000000000000000
                 21.000000000000000
                 21.000000000000000
                 21.000000000000000
                 21.000000000000000
                 21.000000000000000
                 21.000000000000000
                 21.000000000000000
                 21.000000000000000
                 21.000000000000000
                 21.000000000000000
                 21.000000000000000
                 21.000000000000000
                 21.000000000000000
                 21.000000000000000
                 21.000000000000000
                 21.000000000000000
                 21.000000000000000
                 21.000000000000000
                 13.975710000000000
                 17.033110000000000
                 21.000000000000000
                 21.000000000000000
                 21.000000000000000
                 21.000000000000000
                 21.000000000000000
                 21.000000000000000
                 21.000000000000000
                 21.000000000000000
                 21.000000000000000
                 21.000000000000000
                 21.000000000000000
                 21.000000000000000
                 21.000000000000000
                 21.000000000000000
                 21.000000000000000
                 21.000000000000000
                 21.000000000000000
                 21.000000000000000
                 21.000000000000000
                 21.000000000000000
                 11.885110000000000
                 14.488380000000000
                 18.045870000000000
                 21.000000000000000
                 21.000000000000000
                 21.000000000000000
                 21.000000000000000
                 21.000000000000000
                 21.000000000000000
                 21.000000000000000
                 21.000000000000000
                 21.000000000000000
                 21.000000000000000
                 21.000000000000000
                 21.000000000000000
                 21.000000000000000
                 21.000000000000000
                 21.000000000000000
                 21.000000000000000
                 21.000000000000000
                 21.000000000000000
                 21.000000000000000
                  9.854999000000000
                 12.016320000000000
                 14.971420000000000
                 19.106420000000000
                 21.000000000000000
                 21.000000000000000
                 21.000000000000000
                 21.000000000000000
                 21.000000000000000
                 21.000000000000000
                 21.000000000000000
                 21.000000000000000
                 21.000000000000000
                 21.000000000000000
                 21.000000000000000
                 21.000000000000000
                 21.000000000000000
                 21.000000000000000
                 21.000000000000000
                 21.000000000000000
                 21.000000000000000
                 21.000000000000000
                  7.930241000000000
                  9.671632000000000
                 12.053850000000000
                 15.238230000000000
                 18.321420000000000
                 20.244750000000000
                 21.000000000000000
                 21.000000000000000
                 21.000000000000000
                 21.000000000000000
                 21.000000000000000
                 21.000000000000000
                 21.000000000000000
                 21.000000000000000
                 21.000000000000000
                 21.000000000000000
                 21.000000000000000
                 21.000000000000000
                 21.000000000000000
                 21.000000000000000
                 21.000000000000000
                 21.000000000000000
                  6.182056000000000
                  7.541248000000000
                  9.401602000000000
                 11.625180000000000
                 13.536780000000000
                 14.793920000000000
                 16.005150000000000
                 17.271390000000000
                 18.577730000000000
                 19.904940000000000
                 21.000000000000000
                 21.000000000000000
                 21.000000000000000
                 21.000000000000000
                 21.000000000000000
                 21.000000000000000
                 21.000000000000000
                 21.000000000000000
                 21.000000000000000
                 21.000000000000000
                 21.000000000000000
                 21.000000000000000
                  4.658463000000000
                  5.683897000000000
                  6.948835000000000
                  8.208921000000000
                  9.283060000000000
                 10.031820000000000
                 10.813590000000000
                 11.624840000000000
                 12.455240000000000
                 13.291880000000000
                 14.119560000000000
                 14.921440000000000
                 15.679890000000000
                 16.377480000000000
                 16.998180000000000
                 17.528370000000000
                 17.957710000000000
                 18.279620000000000
                 18.491530000000000
                 18.594660000000000
                 18.593640000000000
                 18.495790000000000
                  3.189903000000000
                  3.807635000000000
                  4.393325000000000
                  4.997616000000000
                  5.437666000000000
                  5.845118000000000
                  6.268572000000000
                  6.703210000000000
                  7.142902000000000
                  7.580309000000000
                  8.007100000000000
                  8.414334000000000
                  8.792926000000000
                  9.134209000000000
                  9.430486000000000
                  9.675519000000000
                  9.864908000000000
                  9.996271000000000
                 10.069280000000000
                 10.085520000000000
                 10.048180000000000
                  9.961735000000000
                  1.390782000000000
                  1.579523000000000
                  1.755028000000000
                  1.902804000000000
                  2.036292000000000
                  2.174590000000000
                  2.316203000000000
                  2.459235000000000
                  2.601413000000000
                  2.740150000000000
                  2.872640000000000
                  2.996001000000000
                  3.107437000000000
                  3.204410000000000
                  3.284804000000000
                  3.347054000000000
                  3.390232000000000
                  3.414069000000000
                  3.418931000000000
                  3.405748000000000
                  3.375904000000000
                  3.331114000000000
