 xmorblc(24)
                   .000000000000000
                   .000000000000000
                   .000000000000000
                   .000000000000000
                   .000000000000000
                   .000000000000000
                   .000000000000000
                   .000000000000000
                   .000000000000000
                   .000000000000000
                   .000000000000000
                   .000000000000000
                   .000000000000000
                   .000000000000000
                   .000000009051530
                   .000000041378420
                   .000000296730200
                   .000002089241000
                   .000013990840000
                   .000084276720000
                   .000428079500000
                   .001804467000000
                   .008409736000000
                   .036396460000000
