                   .954545400000000                   .864000000000000                   .000000000000000
                   .954545400000000                   .869666700000000                   .000000000000000
                   .954545400000000                   .875333400000000                   .000000000000000
                   .954545400000000                   .881000000000000               3075.517000000000000
                   .954545400000000                   .886666700000000               2830.135000000000000
                   .954545400000000                   .892333400000000               2595.909000000000000
                   .954545400000000                   .898000100000000               2372.807000000000000
                   .954545400000000                   .903666700000000               2160.790000000000000
                   .954545400000000                   .909333400000000               1959.833000000000000
                   .954545400000000                   .915000100000000               1769.752000000000000
                   .954545400000000                   .920666800000000               1590.367000000000000
                   .954545400000000                   .926333400000000               1421.664000000000000
                   .954545400000000                   .932000100000000               1263.698000000000000
                   .954545400000000                   .937666800000000               1116.639000000000000
                   .954545400000000                   .943333400000000                980.734400000000000
                   .954545400000000                   .949000100000000                856.396100000000000
                   .954545400000000                   .954666800000000                744.197400000000000
                   .954545400000000                   .960333500000000                644.831500000000000
                   .954545400000000                   .966000100000000                557.092700000000000
                   .954545400000000                   .971666800000000                472.688700000000000
                   .954545400000000                   .977333500000000                380.046300000000000
                   .954545400000000                   .983000200000000                275.879800000000000
                   .954545400000000                   .988666800000000                163.012600000000000
                   .954545400000000                   .994333500000000                 57.575190000000000
                   .863636400000000                   .864000000000000                   .000000000000000
                   .863636400000000                   .869666700000000                   .000000000000000
                   .863636400000000                   .875333400000000                   .000000000000000
                   .863636400000000                   .881000000000000               3738.095000000000000
                   .863636400000000                   .886666700000000               3440.607000000000000
                   .863636400000000                   .892333400000000               3156.548000000000000
                   .863636400000000                   .898000100000000               2885.886000000000000
                   .863636400000000                   .903666700000000               2628.587000000000000
                   .863636400000000                   .909333400000000               2384.630000000000000
                   .863636400000000                   .915000100000000               2153.799000000000000
                   .863636400000000                   .920666800000000               1935.888000000000000
                   .863636400000000                   .926333400000000               1730.886000000000000
                   .863636400000000                   .932000100000000               1538.872000000000000
                   .863636400000000                   .937666800000000               1360.060000000000000
                   .863636400000000                   .943333400000000               1194.762000000000000
                   .863636400000000                   .949000100000000               1043.487000000000000
                   .863636400000000                   .954666800000000                906.942100000000000
                   .863636400000000                   .960333500000000                785.982400000000000
                   .863636400000000                   .966000100000000                679.149000000000000
                   .863636400000000                   .971666800000000                576.349500000000000
                   .863636400000000                   .977333500000000                463.483500000000000
                   .863636400000000                   .983000200000000                336.533000000000000
                   .863636400000000                   .988666800000000                190.493400000000000
                   .863636400000000                   .994333500000000                 66.350480000000000
                   .772727300000000                   .864000000000000                   .000000000000000
                   .772727300000000                   .869666700000000                   .000000000000000
                   .772727300000000                   .875333400000000                   .000000000000000
                   .772727300000000                   .881000000000000               4637.309000000000000
                   .772727300000000                   .886666700000000               4269.531000000000000
                   .772727300000000                   .892333400000000               3918.192000000000000
                   .772727300000000                   .898000100000000               3583.270000000000000
                   .772727300000000                   .903666700000000               3264.738000000000000
                   .772727300000000                   .909333400000000               2962.590000000000000
                   .772727300000000                   .915000100000000               2676.573000000000000
                   .772727300000000                   .920666800000000               2406.444000000000000
                   .772727300000000                   .926333400000000               2152.211000000000000
                   .772727300000000                   .932000100000000               1913.982000000000000
                   .772727300000000                   .937666800000000               1692.040000000000000
                   .772727300000000                   .943333400000000               1486.788000000000000
                   .772727300000000                   .949000100000000               1298.872000000000000
                   .772727300000000                   .954666800000000               1129.189000000000000
                   .772727300000000                   .960333500000000                978.818500000000000
                   .772727300000000                   .966000100000000                845.962800000000000
                   .772727300000000                   .971666800000000                718.078600000000000
                   .772727300000000                   .977333500000000                577.615800000000000
                   .772727300000000                   .983000200000000                403.963300000000000
                   .772727300000000                   .988666800000000                222.380300000000000
                   .772727300000000                   .994333500000000                 74.393490000000000
                   .681818200000000                   .864000000000000                   .000000000000000
                   .681818200000000                   .869666700000000                   .000000000000000
                   .681818200000000                   .875333400000000                   .000000000000000
                   .681818200000000                   .881000000000000               5898.800000000000000
                   .681818200000000                   .886666700000000               5433.228000000000000
                   .681818200000000                   .892333400000000               4988.180000000000000
                   .681818200000000                   .898000100000000               4563.659000000000000
                   .681818200000000                   .903666700000000               4159.661000000000000
                   .681818200000000                   .909333400000000               3776.201000000000000
                   .681818200000000                   .915000100000000               3412.991000000000000
                   .681818200000000                   .920666800000000               3069.748000000000000
                   .681818200000000                   .926333400000000               2746.508000000000000
                   .681818200000000                   .932000100000000               2443.437000000000000
                   .681818200000000                   .937666800000000               2160.919000000000000
                   .681818200000000                   .943333400000000               1899.496000000000000
                   .681818200000000                   .949000100000000               1660.020000000000000
                   .681818200000000                   .954666800000000               1443.662000000000000
                   .681818200000000                   .960333500000000               1251.830000000000000
                   .681818200000000                   .966000100000000               1082.259000000000000
                   .681818200000000                   .971666800000000                918.951800000000000
                   .681818200000000                   .977333500000000                711.178200000000000
                   .681818200000000                   .983000200000000                472.807300000000000
                   .681818200000000                   .988666800000000                250.963800000000000
                   .681818200000000                   .994333500000000                 81.589080000000000
                   .590909100000000                   .864000000000000                   .000000000000000
                   .590909100000000                   .869666700000000                   .000000000000000
                   .590909100000000                   .875333400000000                   .000000000000000
                   .590909100000000                   .881000000000000               7742.100000000000000
                   .590909100000000                   .886666700000000               7135.320000000000000
                   .590909100000000                   .892333400000000               6554.754000000000000
                   .590909100000000                   .898000100000000               6000.461000000000000
                   .590909100000000                   .903666700000000               5472.486000000000000
                   .590909100000000                   .909333400000000               4970.900000000000000
                   .590909100000000                   .915000100000000               4495.378000000000000
                   .590909100000000                   .920666800000000               4045.602000000000000
                   .590909100000000                   .926333400000000               3621.664000000000000
                   .590909100000000                   .932000100000000               3223.835000000000000
                   .590909100000000                   .937666800000000               2852.669000000000000
                   .590909100000000                   .943333400000000               2508.927000000000000
                   .590909100000000                   .949000100000000               2193.786000000000000
                   .590909100000000                   .954666800000000               1908.842000000000000
                   .590909100000000                   .960333500000000               1656.007000000000000
                   .590909100000000                   .966000100000000               1424.307000000000000
                   .590909100000000                   .971666800000000               1110.615000000000000
                   .590909100000000                   .977333500000000                810.112400000000000
                   .590909100000000                   .983000200000000                523.525500000000000
                   .590909100000000                   .988666800000000                274.237500000000000
                   .590909100000000                   .994333500000000                 88.143040000000000
                   .500000000000000                   .864000000000000                   .000000000000000
                   .500000000000000                   .869666700000000                   .000000000000000
                   .500000000000000                   .875333400000000                   .000000000000000
                   .500000000000000                   .881000000000000              10576.360000000000000
                   .500000000000000                   .886666700000000               9756.306000000000000
                   .500000000000000                   .892333400000000               8970.592000000000000
                   .500000000000000                   .898000100000000               8219.401000000000000
                   .500000000000000                   .903666700000000               7502.897000000000000
                   .500000000000000                   .909333400000000               6821.281000000000000
                   .500000000000000                   .915000100000000               6174.212000000000000
                   .500000000000000                   .920666800000000               5561.352000000000000
                   .500000000000000                   .926333400000000               4982.931000000000000
                   .500000000000000                   .932000100000000               4439.414000000000000
                   .500000000000000                   .937666800000000               3931.661000000000000
                   .500000000000000                   .943333400000000               3435.838000000000000
                   .500000000000000                   .949000100000000               2902.412000000000000
                   .500000000000000                   .954666800000000               2416.131000000000000
                   .500000000000000                   .960333500000000               1977.760000000000000
                   .500000000000000                   .966000100000000               1584.546000000000000
                   .500000000000000                   .971666800000000               1224.147000000000000
                   .500000000000000                   .977333500000000                884.418200000000000
                   .500000000000000                   .983000200000000                569.610800000000000
                   .500000000000000                   .988666800000000                297.260100000000000
                   .500000000000000                   .994333500000000                 95.050320000000000
                   .409090900000000                   .864000000000000                   .000000000000000
                   .409090900000000                   .869666700000000                   .000000000000000
                   .409090900000000                   .875333400000000                   .000000000000000
                   .409090900000000                   .881000000000000              13643.150000000000000
                   .409090900000000                   .886666700000000              12507.550000000000000
                   .409090900000000                   .892333400000000              11418.950000000000000
                   .409090900000000                   .898000100000000              10377.800000000000000
                   .409090900000000                   .903666700000000               9384.543000000000000
                   .409090900000000                   .909333400000000               8439.635000000000000
                   .409090900000000                   .915000100000000               7543.188000000000000
                   .409090900000000                   .920666800000000               6695.328000000000000
                   .409090900000000                   .926333400000000               5896.516000000000000
                   .409090900000000                   .932000100000000               5147.338000000000000
                   .409090900000000                   .937666800000000               4448.559000000000000
                   .409090900000000                   .943333400000000               3801.004000000000000
                   .409090900000000                   .949000100000000               3205.664000000000000
                   .409090900000000                   .954666800000000               2663.542000000000000
                   .409090900000000                   .960333500000000               2175.377000000000000
                   .409090900000000                   .966000100000000               1738.133000000000000
                   .409090900000000                   .971666800000000               1338.578000000000000
                   .409090900000000                   .977333500000000                963.817000000000000
                   .409090900000000                   .983000200000000                618.529700000000000
                   .409090900000000                   .988666800000000                321.513800000000000
                   .409090900000000                   .994333500000000                102.247600000000000
                   .318181800000000                   .864000000000000                   .000000000000000
                   .318181800000000                   .869666700000000                   .000000000000000
                   .318181800000000                   .875333400000000                   .000000000000000
                   .318181800000000                   .881000000000000              15246.630000000000000
                   .318181800000000                   .886666700000000              13965.790000000000000
                   .318181800000000                   .892333400000000              12739.180000000000000
                   .318181800000000                   .898000100000000              11567.230000000000000
                   .318181800000000                   .903666700000000              10450.340000000000000
                   .318181800000000                   .909333400000000               9388.923000000000000
                   .318181800000000                   .915000100000000               8383.012000000000000
                   .318181800000000                   .920666800000000               7432.664000000000000
                   .318181800000000                   .926333400000000               6538.297000000000000
                   .318181800000000                   .932000100000000               5700.461000000000000
                   .318181800000000                   .937666800000000               4919.889000000000000
                   .318181800000000                   .943333400000000               4197.385000000000000
                   .318181800000000                   .949000100000000               3533.919000000000000
                   .318181800000000                   .954666800000000               2930.471000000000000
                   .318181800000000                   .960333500000000               2387.729000000000000
                   .318181800000000                   .966000100000000               1902.358000000000000
                   .318181800000000                   .971666800000000               1460.218000000000000
                   .318181800000000                   .977333500000000               1047.672000000000000
                   .318181800000000                   .983000200000000                669.830900000000000
                   .318181800000000                   .988666800000000                346.743500000000000
                   .318181800000000                   .994333500000000                109.646500000000000
                   .227272700000000                   .864000000000000                   .000000000000000
                   .227272700000000                   .869666700000000                   .000000000000000
                   .227272700000000                   .875333400000000                   .000000000000000
                   .227272700000000                   .881000000000000              16998.100000000000000
                   .227272700000000                   .886666700000000              15556.580000000000000
                   .227272700000000                   .892333400000000              14177.520000000000000
                   .227272700000000                   .898000100000000              12861.310000000000000
                   .227272700000000                   .903666700000000              11608.240000000000000
                   .227272700000000                   .909333400000000              10418.670000000000000
                   .227272700000000                   .915000100000000               9292.548000000000000
                   .227272700000000                   .920666800000000               8229.834000000000000
                   .227272700000000                   .926333400000000               7230.876000000000000
                   .227272700000000                   .932000100000000               6296.159000000000000
                   .227272700000000                   .937666800000000               5426.370000000000000
                   .227272700000000                   .943333400000000               4622.259000000000000
                   .227272700000000                   .949000100000000               3884.753000000000000
                   .227272700000000                   .954666800000000               3214.784000000000000
                   .227272700000000                   .960333500000000               2612.967000000000000
                   .227272700000000                   .966000100000000               2075.645000000000000
                   .227272700000000                   .971666800000000               1587.779000000000000
                   .227272700000000                   .977333500000000               1135.007000000000000
                   .227272700000000                   .983000200000000                722.863000000000000
                   .227272700000000                   .988666800000000                372.599600000000000
                   .227272700000000                   .994333500000000                117.132800000000000
                   .136363600000000                   .864000000000000                   .000000000000000
                   .136363600000000                   .869666700000000                   .000000000000000
                   .136363600000000                   .875333400000000                   .000000000000000
                   .136363600000000                   .881000000000000              18882.610000000000000
                   .136363600000000                   .886666700000000              17266.060000000000000
                   .136363600000000                   .892333400000000              15721.170000000000000
                   .136363600000000                   .898000100000000              14248.220000000000000
                   .136363600000000                   .903666700000000              12847.430000000000000
                   .136363600000000                   .909333400000000              11519.050000000000000
                   .136363600000000                   .915000100000000              10262.910000000000000
                   .136363600000000                   .920666800000000               9078.852000000000000
                   .136363600000000                   .926333400000000               7967.127000000000000
                   .136363600000000                   .932000100000000               6928.134000000000000
                   .136363600000000                   .937666800000000               5962.479000000000000
                   .136363600000000                   .943333400000000               5070.837000000000000
                   .136363600000000                   .949000100000000               4254.065000000000000
                   .136363600000000                   .954666800000000               3513.019000000000000
                   .136363600000000                   .960333500000000               2848.210000000000000
                   .136363600000000                   .966000100000000               2255.651000000000000
                   .136363600000000                   .971666800000000               1719.431000000000000
                   .136363600000000                   .977333500000000               1224.493000000000000
                   .136363600000000                   .983000200000000                776.770100000000000
                   .136363600000000                   .988666800000000                398.639900000000000
                   .136363600000000                   .994333500000000                124.568600000000000
                   .045454550000000                   .864000000000000                   .000000000000000
                   .045454550000000                   .869666700000000                   .000000000000000
                   .045454550000000                   .875333400000000                   .000000000000000
                   .045454550000000                   .881000000000000              20874.050000000000000
                   .045454550000000                   .886666700000000              19070.360000000000000
                   .045454550000000                   .892333400000000              17348.380000000000000
                   .045454550000000                   .898000100000000              15708.290000000000000
                   .045454550000000                   .903666700000000              14150.170000000000000
                   .045454550000000                   .909333400000000              12674.150000000000000
                   .045454550000000                   .915000100000000              11279.920000000000000
                   .045454550000000                   .920666800000000               9967.173000000000000
                   .045454550000000                   .926333400000000               8736.039000000000000
                   .045454550000000                   .932000100000000               7586.804000000000000
                   .045454550000000                   .937666800000000               6519.968000000000000
                   .045454550000000                   .943333400000000               5536.104000000000000
                   .045454550000000                   .949000100000000               4635.965000000000000
                   .045454550000000                   .954666800000000               3820.307000000000000
                   .045454550000000                   .960333500000000               3089.514000000000000
                   .045454550000000                   .966000100000000               2439.256000000000000
                   .045454550000000                   .971666800000000               1852.804000000000000
                   .045454550000000                   .977333500000000               1314.458000000000000
                   .045454550000000                   .983000200000000                830.508900000000000
                   .045454550000000                   .988666800000000                424.340600000000000
                   .045454550000000                   .994333500000000                131.796600000000000
                  -.045454550000000                   .864000000000000                   .000000000000000
                  -.045454550000000                   .869666700000000                   .000000000000000
                  -.045454550000000                   .875333400000000                   .000000000000000
                  -.045454550000000                   .881000000000000              22934.700000000000000
                  -.045454550000000                   .886666700000000              20935.240000000000000
                  -.045454550000000                   .892333400000000              19028.240000000000000
                  -.045454550000000                   .898000100000000              17213.700000000000000
                  -.045454550000000                   .903666700000000              15491.580000000000000
                  -.045454550000000                   .909333400000000              13861.850000000000000
                  -.045454550000000                   .915000100000000              12324.040000000000000
                  -.045454550000000                   .920666800000000              10877.670000000000000
                  -.045454550000000                   .926333400000000               9522.723000000000000
                  -.045454550000000                   .932000100000000               8259.352000000000000
                  -.045454550000000                   .937666800000000               7087.921000000000000
                  -.045454550000000                   .943333400000000               6008.876000000000000
                  -.045454550000000                   .949000100000000               5022.848000000000000
                  -.045454550000000                   .954666800000000               4130.461000000000000
                  -.045454550000000                   .960333500000000               3331.946000000000000
                  -.045454550000000                   .966000100000000               2622.641000000000000
                  -.045454550000000                   .971666800000000               1985.066000000000000
                  -.045454550000000                   .977333500000000               1402.952000000000000
                  -.045454550000000                   .983000200000000                882.888500000000000
                  -.045454550000000                   .988666800000000                449.119900000000000
                  -.045454550000000                   .994333500000000                138.648200000000000
                  -.136363600000000                   .864000000000000                   .000000000000000
                  -.136363600000000                   .869666700000000                   .000000000000000
                  -.136363600000000                   .875333400000000                   .000000000000000
                  -.136363600000000                   .881000000000000              25016.190000000000000
                  -.136363600000000                   .886666700000000              22817.040000000000000
                  -.136363600000000                   .892333400000000              20721.480000000000000
                  -.136363600000000                   .898000100000000              18729.350000000000000
                  -.136363600000000                   .903666700000000              16840.430000000000000
                  -.136363600000000                   .909333400000000              15054.540000000000000
                  -.136363600000000                   .915000100000000              13371.020000000000000
                  -.136363600000000                   .920666800000000              11789.210000000000000
                  -.136363600000000                   .926333400000000              10308.930000000000000
                  -.136363600000000                   .932000100000000               8930.176000000000000
                  -.136363600000000                   .937666800000000               7653.158000000000000
                  -.136363600000000                   .943333400000000               6478.173000000000000
                  -.136363600000000                   .949000100000000               5405.707000000000000
                  -.136363600000000                   .954666800000000               4436.232000000000000
                  -.136363600000000                   .960333500000000               3569.812000000000000
                  -.136363600000000                   .966000100000000               2801.466000000000000
                  -.136363600000000                   .971666800000000               2113.061000000000000
                  -.136363600000000                   .977333500000000               1487.843000000000000
                  -.136363600000000                   .983000200000000                932.637000000000000
                  -.136363600000000                   .988666800000000                472.370300000000000
                  -.136363600000000                   .994333500000000                144.953100000000000
                  -.227272700000000                   .864000000000000                   .000000000000000
                  -.227272700000000                   .869666700000000                   .000000000000000
                  -.227272700000000                   .875333400000000                   .000000000000000
                  -.227272700000000                   .881000000000000              27062.320000000000000
                  -.227272700000000                   .886666700000000              24665.160000000000000
                  -.227272700000000                   .892333400000000              22382.770000000000000
                  -.227272700000000                   .898000100000000              20214.820000000000000
                  -.227272700000000                   .903666700000000              18160.910000000000000
                  -.227272700000000                   .909333400000000              16220.690000000000000
                  -.227272700000000                   .915000100000000              14393.300000000000000
                  -.227272700000000                   .920666800000000              12677.900000000000000
                  -.227272700000000                   .926333400000000              11074.130000000000000
                  -.227272700000000                   .932000100000000               9581.817000000000000
                  -.227272700000000                   .937666800000000               8201.018000000000000
                  -.227272700000000                   .943333400000000               6931.858000000000000
                  -.227272700000000                   .949000100000000               5774.667000000000000
                  -.227272700000000                   .954666800000000               4729.754000000000000
                  -.227272700000000                   .960333500000000               3797.005000000000000
                  -.227272700000000                   .966000100000000               2971.143000000000000
                  -.227272700000000                   .971666800000000               2233.509000000000000
                  -.227272700000000                   .977333500000000               1566.958000000000000
                  -.227272700000000                   .983000200000000                978.482900000000000
                  -.227272700000000                   .988666800000000                493.499200000000000
                  -.227272700000000                   .994333500000000                150.551200000000000
                  -.318181800000000                   .864000000000000                   .000000000000000
                  -.318181800000000                   .869666700000000                   .000000000000000
                  -.318181800000000                   .875333400000000                   .000000000000000
                  -.318181800000000                   .881000000000000              29013.250000000000000
                  -.318181800000000                   .886666700000000              26425.870000000000000
                  -.318181800000000                   .892333400000000              23964.100000000000000
                  -.318181800000000                   .898000100000000              21627.450000000000000
                  -.318181800000000                   .903666700000000              19415.320000000000000
                  -.318181800000000                   .909333400000000              17327.200000000000000
                  -.318181800000000                   .915000100000000              15362.030000000000000
                  -.318181800000000                   .920666800000000              13518.800000000000000
                  -.318181800000000                   .926333400000000              11796.980000000000000
                  -.318181800000000                   .932000100000000              10196.220000000000000
                  -.318181800000000                   .937666800000000               8716.416000000000000
                  -.318181800000000                   .943333400000000               7357.523000000000000
                  -.318181800000000                   .949000100000000               6119.706000000000000
                  -.318181800000000                   .954666800000000               5003.108000000000000
                  -.318181800000000                   .960333500000000               4007.438000000000000
                  -.318181800000000                   .966000100000000               3127.167000000000000
                  -.318181800000000                   .971666800000000               2343.239000000000000
                  -.318181800000000                   .977333500000000               1638.237000000000000
                  -.318181800000000                   .983000200000000               1019.248000000000000
                  -.318181800000000                   .988666800000000                511.971500000000000
                  -.318181800000000                   .994333500000000                155.304100000000000
                  -.409090900000000                   .864000000000000                   .000000000000000
                  -.409090900000000                   .869666700000000                   .000000000000000
                  -.409090900000000                   .875333400000000                   .000000000000000
                  -.409090900000000                   .881000000000000              30810.620000000000000
                  -.409090900000000                   .886666700000000              28046.860000000000000
                  -.409090900000000                   .892333400000000              25418.820000000000000
                  -.409090900000000                   .898000100000000              22925.840000000000000
                  -.409090900000000                   .903666700000000              20567.160000000000000
                  -.409090900000000                   .909333400000000              18342.100000000000000
                  -.409090900000000                   .915000100000000              16249.440000000000000
                  -.409090900000000                   .920666800000000              14288.000000000000000
                  -.409090900000000                   .926333400000000              12457.090000000000000
                  -.409090900000000                   .932000100000000              10756.200000000000000
                  -.409090900000000                   .937666800000000               9185.060000000000000
                  -.409090900000000                   .943333400000000               7743.468000000000000
                  -.409090900000000                   .949000100000000               6431.436000000000000
                  -.409090900000000                   .954666800000000               5248.941000000000000
                  -.409090900000000                   .960333500000000               4195.525000000000000
                  -.409090900000000                   .966000100000000               3265.458000000000000
                  -.409090900000000                   .971666800000000               2439.435000000000000
                  -.409090900000000                   .977333500000000               1699.891000000000000
                  -.409090900000000                   .983000200000000               1053.932000000000000
                  -.409090900000000                   .988666800000000                527.347800000000000
                  -.409090900000000                   .994333500000000                159.104200000000000
                  -.500000000000000                   .864000000000000                   .000000000000000
                  -.500000000000000                   .869666700000000                   .000000000000000
                  -.500000000000000                   .875333400000000                   .000000000000000
                  -.500000000000000                   .881000000000000              32402.640000000000000
                  -.500000000000000                   .886666700000000              29481.780000000000000
                  -.500000000000000                   .892333400000000              26705.640000000000000
                  -.500000000000000                   .898000100000000              24073.440000000000000
                  -.500000000000000                   .903666700000000              21584.260000000000000
                  -.500000000000000                   .909333400000000              19237.290000000000000
                  -.500000000000000                   .915000100000000              17031.180000000000000
                  -.500000000000000                   .920666800000000              14964.580000000000000
                  -.500000000000000                   .926333400000000              13036.680000000000000
                  -.500000000000000                   .932000100000000              11246.820000000000000
                  -.500000000000000                   .937666800000000               9594.584000000000000
                  -.500000000000000                   .943333400000000               8079.638000000000000
                  -.500000000000000                   .949000100000000               6701.842000000000000
                  -.500000000000000                   .954666800000000               5461.033000000000000
                  -.500000000000000                   .960333500000000               4356.598000000000000
                  -.500000000000000                   .966000100000000               3382.666000000000000
                  -.500000000000000                   .971666800000000               2519.838000000000000
                  -.500000000000000                   .977333500000000               1750.520000000000000
                  -.500000000000000                   .983000200000000               1081.783000000000000
                  -.500000000000000                   .988666800000000                539.313800000000000
                  -.500000000000000                   .994333500000000                161.882000000000000
                  -.590909100000000                   .864000000000000                   .000000000000000
                  -.590909100000000                   .869666700000000                   .000000000000000
                  -.590909100000000                   .875333400000000                   .000000000000000
                  -.590909100000000                   .881000000000000              33748.340000000000000
                  -.590909100000000                   .886666700000000              30693.970000000000000
                  -.590909100000000                   .892333400000000              27791.960000000000000
                  -.590909100000000                   .898000100000000              25041.410000000000000
                  -.590909100000000                   .903666700000000              22441.300000000000000
                  -.590909100000000                   .909333400000000              19990.710000000000000
                  -.590909100000000                   .915000100000000              17688.140000000000000
                  -.590909100000000                   .920666800000000              15532.200000000000000
                  -.590909100000000                   .926333400000000              13521.910000000000000
                  -.590909100000000                   .932000100000000              11656.510000000000000
                  -.590909100000000                   .937666800000000               9935.472000000000000
                  -.590909100000000                   .943333400000000               8358.342000000000000
                  -.590909100000000                   .949000100000000               6924.859000000000000
                  -.590909100000000                   .954666800000000               5634.733000000000000
                  -.590909100000000                   .960333500000000               4487.231000000000000
                  -.590909100000000                   .966000100000000               3476.395000000000000
                  -.590909100000000                   .971666800000000               2582.888000000000000
                  -.590909100000000                   .977333500000000               1789.210000000000000
                  -.590909100000000                   .983000200000000               1102.341000000000000
                  -.590909100000000                   .988666800000000                547.697000000000000
                  -.590909100000000                   .994333500000000                163.608900000000000
                  -.681818200000000                   .864000000000000                   .000000000000000
                  -.681818200000000                   .869666700000000                   .000000000000000
                  -.681818200000000                   .875333400000000                   .000000000000000
                  -.681818200000000                   .881000000000000              34820.190000000000000
                  -.681818200000000                   .886666700000000              31658.860000000000000
                  -.681818200000000                   .892333400000000              28655.950000000000000
                  -.681818200000000                   .898000100000000              25810.500000000000000
                  -.681818200000000                   .903666700000000              23121.400000000000000
                  -.681818200000000                   .909333400000000              20587.660000000000000
                  -.681818200000000                   .915000100000000              18207.720000000000000
                  -.681818200000000                   .920666800000000              15980.080000000000000
                  -.681818200000000                   .926333400000000              13903.710000000000000
                  -.681818200000000                   .932000100000000              11977.750000000000000
                  -.681818200000000                   .937666800000000              10201.600000000000000
                  -.681818200000000                   .943333400000000               8574.701000000000000
                  -.681818200000000                   .949000100000000               7096.701000000000000
                  -.681818200000000                   .954666800000000               5767.212000000000000
                  -.681818200000000                   .960333500000000               4585.409000000000000
                  -.681818200000000                   .966000100000000               3545.315000000000000
                  -.681818200000000                   .971666800000000               2627.792000000000000
                  -.681818200000000                   .977333500000000               1815.553000000000000
                  -.681818200000000                   .983000200000000               1115.447000000000000
                  -.681818200000000                   .988666800000000                552.467200000000000
                  -.681818200000000                   .994333500000000                164.295700000000000
                  -.772727300000000                   .864000000000000                   .000000000000000
                  -.772727300000000                   .869666700000000                   .000000000000000
                  -.772727300000000                   .875333400000000                   .000000000000000
                  -.772727300000000                   .881000000000000              35605.000000000000000
                  -.772727300000000                   .886666700000000              32364.700000000000000
                  -.772727300000000                   .892333400000000              29287.230000000000000
                  -.772727300000000                   .898000100000000              26371.600000000000000
                  -.772727300000000                   .903666700000000              23616.650000000000000
                  -.772727300000000                   .909333400000000              21021.330000000000000
                  -.772727300000000                   .915000100000000              18584.080000000000000
                  -.772727300000000                   .920666800000000              16303.340000000000000
                  -.772727300000000                   .926333400000000              14178.050000000000000
                  -.772727300000000                   .932000100000000              12207.290000000000000
                  -.772727300000000                   .937666800000000              10390.390000000000000
                  -.772727300000000                   .943333400000000               8726.746000000000000
                  -.772727300000000                   .949000100000000               7215.932000000000000
                  -.772727300000000                   .954666800000000               5857.497000000000000
                  -.772727300000000                   .960333500000000               4650.550000000000000
                  -.772727300000000                   .966000100000000               3589.161000000000000
                  -.772727300000000                   .971666800000000               2654.513000000000000
                  -.772727300000000                   .977333500000000               1829.641000000000000
                  -.772727300000000                   .983000200000000               1121.229000000000000
                  -.772727300000000                   .988666800000000                553.727500000000000
                  -.772727300000000                   .994333500000000                163.989000000000000
                  -.863636400000000                   .864000000000000                   .000000000000000
                  -.863636400000000                   .869666700000000                   .000000000000000
                  -.863636400000000                   .875333400000000                   .000000000000000
                  -.863636400000000                   .881000000000000              36103.230000000000000
                  -.863636400000000                   .886666700000000              32811.960000000000000
                  -.863636400000000                   .892333400000000              29686.290000000000000
                  -.863636400000000                   .898000100000000              26725.220000000000000
                  -.863636400000000                   .903666700000000              23927.580000000000000
                  -.863636400000000                   .909333400000000              21292.320000000000000
                  -.863636400000000                   .915000100000000              18817.860000000000000
                  -.863636400000000                   .920666800000000              16502.660000000000000
                  -.863636400000000                   .926333400000000              14345.630000000000000
                  -.863636400000000                   .932000100000000              12345.840000000000000
                  -.863636400000000                   .937666800000000              10502.580000000000000
                  -.863636400000000                   .943333400000000               8815.225000000000000
                  -.863636400000000                   .949000100000000               7283.306000000000000
                  -.863636400000000                   .954666800000000               5906.332000000000000
                  -.863636400000000                   .960333500000000               4683.384000000000000
                  -.863636400000000                   .966000100000000               3608.627000000000000
                  -.863636400000000                   .971666800000000               2663.683000000000000
                  -.863636400000000                   .977333500000000               1831.994000000000000
                  -.863636400000000                   .983000200000000               1120.061000000000000
                  -.863636400000000                   .988666800000000                551.692100000000000
                  -.863636400000000                   .994333500000000                162.764100000000000
                  -.954545400000000                   .864000000000000                   .000000000000000
                  -.954545400000000                   .869666700000000                   .000000000000000
                  -.954545400000000                   .875333400000000                   .000000000000000
                  -.954545400000000                   .881000000000000              36326.910000000000000
                  -.954545400000000                   .886666700000000              33011.520000000000000
                  -.954545400000000                   .892333400000000              29862.910000000000000
                  -.954545400000000                   .898000100000000              26880.130000000000000
                  -.954545400000000                   .903666700000000              24062.030000000000000
                  -.954545400000000                   .909333400000000              21407.570000000000000
                  -.954545400000000                   .915000100000000              18915.220000000000000
                  -.954545400000000                   .920666800000000              16583.460000000000000
                  -.954545400000000                   .926333400000000              14411.200000000000000
                  -.954545400000000                   .932000100000000              12397.530000000000000
                  -.954545400000000                   .937666800000000              10541.740000000000000
                  -.954545400000000                   .943333400000000               8843.193000000000000
                  -.954545400000000                   .949000100000000               7301.416000000000000
                  -.954545400000000                   .954666800000000               5915.903000000000000
                  -.954545400000000                   .960333500000000               4685.729000000000000
                  -.954545400000000                   .966000100000000               3605.206000000000000
                  -.954545400000000                   .971666800000000               2656.481000000000000
                  -.954545400000000                   .977333500000000               1823.482000000000000
                  -.954545400000000                   .983000200000000               1112.512000000000000
                  -.954545400000000                   .988666800000000                546.659700000000000
                  -.954545400000000                   .994333500000000                160.717100000000000
