 xmorbl(24)
                   .000048095230000
                   .000172223800000
                   .000245991100000
                   .000353845900000
                   .000505584500000
                   .000709029300000
                   .000987706700000
                   .001366221000000
                   .001875660000000
                   .002555481000000
                   .003424000000000
                   .004554544000000
                   .006010754000000
                   .007863570000000
                   .010188740000000
                   .013071260000000
                   .016474630000000
                   .020538470000000
                   .025558810000000
                   .032109090000000
                   .040491580000000
                   .046812460000000
                   .036077660000000
                   .008237174000000
                   .000000000000000
                   .000000000000000
