 ephi(??)
                359.196300000000000
                297.870300000000000
                237.203700000000000
                177.636100000000000
                119.387400000000000
                 62.677300000000000
                  7.945474000000000
                -44.368480000000000
                -93.824940000000000
               -139.698600000000000
               -181.264000000000000
               -218.059600000000000
               -249.711700000000000
               -275.978600000000000
               -296.662400000000000
               -311.675200000000000
               -320.929000000000000
               -324.094500000000000
               -317.830200000000000
               -290.794000000000000
               -232.215600000000000
               -145.392000000000000
                -44.720610000000000
                 47.158510000000000
                100.000000000000000
                   .000000000000000
