     3877.992000
    23267.950000
     3599.454000
    21596.720000
     3331.981000
    19991.890000
     3075.517000
    18453.100000
     2830.135000
    16980.810000
     2595.909000
    15575.460000
     2372.807000
    14236.840000
     2160.790000
    12964.740000
     1959.833000
    11759.000000
     1769.752000
    10618.510000
     1590.367000
     9542.203000
     1421.664000
     8529.983000
     1263.698000
     7582.189000
     1116.639000
     6699.833000
      980.734400
     5884.407000
      856.396100
     5138.377000
      744.197400
     4465.184000
      644.831500
     3868.989000
      557.092700
     3342.556000
      472.688700
     2836.132000
      380.046300
     2280.278000
      274.586200
     1647.517000
      160.557300
      963.344100
       57.003680
      342.022100
