 vintrinC(24)
                   .000000000000000
                   .000000000000000
                   .000000000000000
                   .000000000000000
                   .000000000000000
                   .000000000000000
                   .000000000000000
                   .000000000000000
                   .000000000000000
                   .000000000000000
                   .000000000000000
                   .000000000000000
                   .000000000000000
                   .000894383200000
                   .001869320000000
                   .010186280000000
                   .037928010000000
                   .128833300000000
                   .406007500000000
                  1.273204000000000
                  5.122486000000000
                 34.170920000000000
                372.375400000000000
               2518.259000000000000
