   n0    forbl   xmorbl  eorbl
  1      .000      .000      .000
  2      .000      .000      .000
  3      .000      .000      .000
  4      .000      .000      .000
  5      .000      .000      .000
  6      .000      .000      .001
  7      .000      .000      .001
  8      .000      .001      .001
  9      .000      .001      .002
 10      .001      .001      .003
 11      .001      .002      .004
 12      .001      .003      .005
 13      .002      .004      .008
 14      .003      .005      .010
 15      .005      .008      .014
 16      .007      .011      .020
 17      .010      .015      .028
 18      .015      .021      .039
 19      .024      .030      .057
 20      .038      .040      .089
 21      .067      .051      .147
 22      .125      .053      .247
 23      .240      .036      .381
 24      .411      .008      .484
   n0    forblC   xmorblC  eorblC
  1      .000      .000      .000
  2      .000      .000      .000
  3      .000      .000      .000
  4      .000      .000      .000
  5      .000      .000      .000
  6      .000      .000      .000
  7      .000      .000      .000
  8      .000      .000      .000
  9      .000      .000      .000
 10      .000      .000      .000
 11      .000      .000      .000
 12      .000      .000      .000
 13      .000      .000      .000
 14      .000      .000      .000
 15      .000      .000      .000
 16      .000      .000      .000
 17      .000      .000      .000
 18      .000      .000      .000
 19      .000      .000      .000
 20      .000      .000      .000
 21      .000      .000      .001
 22      .001      .002      .004
 23      .005      .008      .019
 24      .082      .036      .191
  n0   intrinD   intrinC  NBIreturn   Snbi      dFdr
  1  .315E+01  .000E+00  .480E+19  .601E+19  .282E-02
  2  .126E+02  .000E+00  .480E+19  .601E+19  .198E-02
  3  .187E+02  .000E+00  .480E+19  .601E+19  .305E-02
  4  .278E+02  .000E+00  .503E+19  .509E+19  .465E-02
  5  .410E+02  .000E+00  .503E+19  .509E+19  .707E-02
  6  .603E+02  .000E+00  .503E+19  .509E+19  .107E-01
  7  .884E+02  .000E+00  .503E+19  .509E+19  .162E-01
  8  .129E+03  .000E+00  .302E+19  .863E+19  .245E-01
  9  .187E+03  .000E+00  .302E+19  .863E+19  .368E-01
 10  .269E+03  .000E+00  .302E+19  .863E+19  .550E-01
 11  .386E+03  .000E+00  .596E+19  .224E+19  .818E-01
 12  .549E+03  .000E+00  .596E+19  .224E+19  .121E+00
 13  .777E+03  .000E+00  .596E+19  .224E+19  .179E+00
 14  .109E+04  .000E+00  .596E+19  .224E+19  .263E+00
 15  .152E+04  .724E-03  .763E+19 -.162E+19  .388E+00
 16  .210E+04  .326E-02  .763E+19 -.162E+19  .580E+00
 17  .289E+04  .230E-01  .763E+19 -.162E+19  .895E+00
 18  .396E+04  .159E+00  .659E+19  .127E+18  .146E+01
 19  .543E+04  .105E+01  .659E+19  .127E+18  .260E+01
 20  .729E+04  .621E+01  .659E+19  .127E+18  .504E+01
 21  .903E+04  .310E+02  .659E+19  .127E+18  .103E+02
 22  .921E+04  .128E+03  .646E+19 -.490E+18  .201E+02
 23  .620E+04  .587E+03  .646E+19 -.490E+18  .302E+02
 24  .141E+04  .249E+04  .646E+19 -.490E+18  .000E+00
 n0         ffrac1    ffrac2    ffrac3         nbdep1    nbilost   nbitot
 1         .00         .00         .00      5.94      .000E+00    .128E+21
 2         .13         .13         .13     12.05      .323E+20    .259E+21
 3         .13         .13         .13      7.95      .213E+20    .171E+21
 4         .13         .13         .13      7.03      .189E+20    .151E+21
 5         .13         .13         .13      6.52      .176E+20    .141E+21
 6         .13         .13         .13      6.14      .166E+20    .133E+21
 7         .13         .13         .13      5.79      .157E+20    .125E+21
 8         .13         .13         .13      5.45      .148E+20    .119E+21
 9         .13         .13         .13      5.13      .140E+20    .112E+21
10         .00         .00         .00      4.80      .000E+00    .105E+21
11         .13         .13         .13      4.48      .123E+20    .987E+20
12         .13         .13         .13      3.40      .944E+19    .755E+20
13         .13         .13         .13      2.91      .815E+19    .652E+20
14         .13         .13         .13      2.57      .723E+19    .578E+20
15         .13         .13         .13      2.30      .652E+19    .521E+20
16         .13         .13         .13      2.08      .594E+19    .475E+20
17         .13         .13         .13      1.90      .547E+19    .437E+20
18         .13         .13         .13      1.74      .506E+19    .405E+20
19         .00         .00         .00      1.61      .000E+00    .377E+20
20         .13         .13         .13      1.50      .442E+19    .353E+20
21         .13         .13         .13      1.39      .415E+19    .332E+20
22         .13         .13         .13      1.31      .392E+19    .314E+20
23         .13         .13         .13      1.23      .372E+19    .298E+20
24         .13         .13         .13      1.16      .354E+19    .283E+20
25         .13         .13         .13      1.10      .338E+19    .270E+20
26         .13         .13         .13      1.04      .324E+19    .259E+20
27         .13         .13         .13       .99      .311E+19    .249E+20
28         .00         .00         .00       .95      .000E+00    .240E+20
29         .13         .13         .13       .91      .289E+19    .231E+20
30         .13         .13         .13       .87      .280E+19    .224E+20
31         .13         .13         .13       .83      .271E+19    .217E+20
32         .13         .13         .13       .80      .263E+19    .211E+20
33         .13         .13         .13       .77      .256E+19    .205E+20
34         .13         .13         .13       .75      .249E+19    .200E+20
35         .13         .13         .13       .72      .243E+19    .195E+20
36         .13         .13         .13       .70      .237E+19    .190E+20
37         .00         .00         .00       .68      .000E+00    .186E+20
38         .13         .13         .13       .66      .227E+19    .181E+20
39         .25         .13         .13       .63      .334E+19    .177E+20
40         .25         .13         .13       .61      .325E+19    .173E+20
41         .25         .13         .13       .59      .316E+19    .169E+20
42         .38         .13         .13       .58      .410E+19    .165E+20
43         .50         .13         .13       .56      .496E+19    .161E+20
44         .50         .13         .13       .54      .480E+19    .156E+20
45         .50         .25         .13       .52      .503E+19    .151E+20
46         .38         .13         .00       .50      .302E+19    .147E+20
47         .50         .50         .25       .48      .596E+19    .142E+20
48         .63         .50         .50       .46      .763E+19    .136E+20
49         .63         .38         .38       .45      .659E+19    .133E+20
50         .63         .50         .38       .42      .646E+19    .124E+20
