 forbl(24)
                   .000004796622000
                   .000020817460000
                   .000032105880000
                   .000049430580000
                   .000075859370000
                   .000116086500000
                   .000177157100000
                   .000269586000000
                   .000408986200000
                   .000618348500000
                   .000931341000000
                   .001396976000000
                   .002086263000000
                   .003102348000000
                   .004597060000000
                   .006803342000000
                   .010101890000000
                   .015194190000000
                   .023524790000000
                   .038288080000000
                   .066967060000000
                   .125449200000000
                   .239555700000000
                   .411172500000000
                   .000000000000000
                   .000000000000000
