 ephi(??)
                -74.919880000000000
               -115.592800000000000
               -153.793300000000000
               -189.380000000000000
               -222.173800000000000
               -251.969000000000000
               -278.486200000000000
               -301.466200000000000
               -320.717800000000000
               -336.055700000000000
               -347.327200000000000
               -354.355300000000000
               -356.875300000000000
               -354.528200000000000
               -346.858400000000000
               -333.404600000000000
               -313.516400000000000
               -286.370900000000000
               -252.113500000000000
               -212.996500000000000
               -171.966600000000000
               -129.420200000000000
                -77.964460000000000
                -13.229970000000000
                 36.034450000000000
                   .000000000000000
