 vintrinC(24)
                   .000000000000000
                   .000000000000000
                   .000000000000000
                   .000000000000000
                   .000000000000000
                   .000000000000000
                   .000000000000000
                   .000000000000000
                   .000000000000000
                   .000000000000000
                   .000000000000000
                   .000000000000000
                   .000000000000000
                   .000000000000000
                   .000723410900000
                   .003255317000000
                   .022970360000000
                   .159077400000000
                  1.047368000000000
                  6.200406000000000
                 30.939280000000000
                128.061900000000000
                585.800900000000000
               2487.304000000000000
