     4457.765000
    26746.590000
     4112.402000
    24674.410000
     3779.612000
    22677.670000
     3459.551000
    20757.300000
     3152.392000
    18914.350000
     2858.358000
    17150.150000
     2577.673000
    15466.040000
     2310.511000
    13863.070000
     2057.051000
    12342.300000
     1817.478000
    10904.870000
     1591.993000
     9551.958000
     1380.798000
     8284.787000
     1184.091000
     7104.545000
     1002.064000
     6012.383000
      834.905500
     5009.433000
      682.766400
     4096.598000
      545.732300
     3274.394000
      423.830700
     2542.984000
      316.944200
     1901.665000
      224.799800
     1348.799000
      147.185900
      883.115200
       84.441580
      506.649500
       37.868800
      227.212800
        9.305698
       55.834190
