 eorblc(24)
                   .000000000000000
                   .000000000000000
                   .000000000000000
                   .000000000000000
                   .000000000000000
                   .000000000000000
                   .000000000000000
                   .000000000000000
                   .000000000000000
                   .000000000000000
                   .000000000000000
                   .000000000000000
                   .000000000000000
                   .000000000000000
                   .000000000000000
                   .000000010190400
                   .000000181389200
                   .000002883883000
                   .000037254060000
                   .000367037900000
                   .002720739000000
                   .014849580000000
                   .061521060000000
                   .296558900000000
