 2  .268E-01  .433E+03  .506E+20
 3  .446E-01  .439E+03  .504E+20
 4  .625E-01  .449E+03  .502E+20
 5  .804E-01  .462E+03  .499E+20
 6  .982E-01  .479E+03  .496E+20
 7  .116E+00  .498E+03  .492E+20
 8  .134E+00  .521E+03  .487E+20
 9  .152E+00  .546E+03  .481E+20
10  .170E+00  .575E+03  .475E+20
11  .188E+00  .606E+03  .468E+20
12  .205E+00  .640E+03  .461E+20
13  .223E+00  .676E+03  .454E+20
14  .241E+00  .715E+03  .445E+20
15  .259E+00  .756E+03  .437E+20
16  .277E+00  .799E+03  .428E+20
17  .295E+00  .844E+03  .418E+20
18  .313E+00  .891E+03  .409E+20
19  .330E+00  .939E+03  .399E+20
20  .348E+00  .988E+03  .389E+20
21  .366E+00  .104E+04  .378E+20
22  .384E+00  .109E+04  .368E+20
23  .402E+00  .114E+04  .357E+20
24  .420E+00  .120E+04  .347E+20
25  .437E+00  .125E+04  .337E+20
26  .455E+00  .130E+04  .326E+20
27  .473E+00  .136E+04  .316E+20
28  .491E+00  .141E+04  .306E+20
29  .509E+00  .146E+04  .296E+20
30  .527E+00  .151E+04  .286E+20
31  .545E+00  .156E+04  .277E+20
32  .562E+00  .161E+04  .268E+20
33  .580E+00  .166E+04  .259E+20
34  .598E+00  .171E+04  .251E+20
35  .616E+00  .175E+04  .243E+20
36  .634E+00  .180E+04  .236E+20
37  .652E+00  .184E+04  .229E+20
38  .670E+00  .188E+04  .223E+20
39  .687E+00  .191E+04  .217E+20
40  .705E+00  .195E+04  .212E+20
41  .723E+00  .198E+04  .207E+20
42  .741E+00  .201E+04  .202E+20
43  .759E+00  .204E+04  .199E+20
44  .777E+00  .206E+04  .195E+20
45  .795E+00  .208E+04  .192E+20
46  .812E+00  .210E+04  .190E+20
47  .830E+00  .212E+04  .188E+20
48  .848E+00  .213E+04  .186E+20
49  .866E+00  .214E+04  .185E+20
50  .884E+00  .215E+04  .184E+20
51  .902E+00  .216E+04  .183E+20
52  .920E+00  .216E+04  .183E+20
53  .937E+00  .217E+04  .183E+20
54  .955E+00  .217E+04  .183E+20
55  .973E+00  .217E+04  .182E+20
