0.4092
0.4034
0.2395
0.4036
0.491
0.4096
0.1984
0.3971
0.4092
0.4092
0.4034
0.2395
0.411
0.491
0.4096
0.1984
0.3971
0.4092
0.4092
0.4034
0.2395
0.411
0.491
0.4096
0.1984
0.3971
0.4092 
0.4092
0.4034
0.2395
0.411
0.491
0.4187
0.1984
0.3971
0.4092
0.4092
0.4034
0.2364
0.411
0.491
0.4187
0.187
0.3971
0.4092
0.4092
0.4042
0.2304
0.4178
0.4961
0.3949
0.187
0.4091
0.4092
0.4092
0.4042
0.2304
0.4178
0.4961
0.4187
0.1809
0.4091
0.4092
0.4092
0.4042
0.2304
0.4178
0.4961
0.4046
0.1809
0.4091
0.4092
0.4092
0.4042
0.2304
0.4025
0.4961
0.4046
0.1809
0.4091
0.4092
0.4092
0.4042
0.2304
0.4025
0.4961
0.4046
0.1679
0.4091
0.4092
0.4146
0.4042
0.2304
0.4025
0.4961
0.4046
0.1679
0.4091
0.4146
0.4146
0.4042
0.2255
0.4025
0.5012
0.4139
0.1679
0.4091
0.4146
0.4146
0.4042
0.2255
0.4094
0.5012
0.4139
0.1679
0.421
0.4146
0.4146
0.4156
0.2255
0.4094
0.5012
0.4139
0.1485
0.421
0.4146
0.4146
0.4156
0.2219
0.4094
0.5012
0.423
0.1485
0.421
0.4146
0.4146
0.4156
0.2219
0.4094
0.5012
0.423
0.1485
0.421
0.4146
0.4146
0.4156
0.2219
0.4164
0.5064
0.423
0.1485
0.421
0.4146
0.4146
0.4156
0.2197
0.4164
0.5064
0.423
0.1352
0.421
0.4146
0.4146
0.4273
0.2179
0.4164
0.5064
0.4111
0.1352
0.4279
0.4146
0.4192
0.4273
0.2179
0.4018
0.5064
0.4111
0.1289
0.4279
0.4192
0.4192
0.4273
0.2179
0.4018
0.5064
0.4111
0.114
0.4279
0.4192 
0.4192
0.4273
0.2179
0.4018
0.5123
0.4216
0.114
0.4279
0.4192
0.4192
0.4272
0.2164
0.4095
0.5123
0.4216
0.114
0.4279
0.4192
0.4192
0.4272
0.2149
0.4095
0.5123
0.4216
0.1034
0.4279
0.4192
0.4192
0.4273
0.2134
0.4095
0.5192
0.4123
0.0928
0.4279
0.4192