0.2422
0.34
0.3833
0.3628
0.2167
0.1827
0.4475
0.268
0.2422
0.2422
0.34
0.3833
0.349
0.2167
0.1827
0.4475
0.268
0.2422
0.2422
0.34
0.3833
0.349
0.2167
0.1827
0.4475
0.268
0.2422 
0.2422
0.34
0.3833
0.349
0.2167
0.1642
0.4475
0.268
0.2422
0.2422
0.34
0.3896
0.349
0.2167
0.1642
0.4568
0.268
0.2422
0.2422
0.3546
0.4001
0.3368
0.2189
0.1896
0.4568
0.2549
0.2422
0.2422
0.3546
0.4001
0.3368
0.2189
0.1642
0.4475
0.2549
0.2422
0.2422
0.3546
0.4001
0.3368
0.2189
0.1702
0.4475
0.2549
0.2422
0.2422
0.3546
0.4001
0.346
0.2189
0.1702
0.4475
0.2549
0.2422
0.2422
0.3546
0.4001
0.346
0.2189
0.1702
0.4557
0.2549
0.2422
0.1924
0.3546
0.4001
0.346
0.2189
0.1702
0.4557
0.2549
0.1924
0.1924
0.3546
0.4094
0.346
0.2059
0.1507
0.4557
0.2549
0.1924
0.1924
0.3546
0.4094
0.3376
0.2059
0.1507
0.4557
0.2423
0.1924
0.1924
0.354
0.4094
0.3376
0.2059
0.1507
0.4524
0.2423
0.1924
0.1924
0.354
0.4174
0.3376
0.2059
0.1313
0.4524
0.2423
0.1924
0.1924
0.354
0.4174
0.3376
0.2059
0.1313
0.4524
0.2423
0.1924
0.1924
0.354
0.4174
0.3303
0.1883
0.1313
0.4524
0.2423
0.1924
0.1924
0.354
0.4272
0.3303
0.1883
0.1313
0.4596
0.2423
0.1924
0.1924
0.3358
0.4272
0.3303
0.1883
0.1394
0.4596
0.247
0.1924
0.1924
0.3358
0.4272
0.3434
0.1883
0.1394
0.4482
0.247
0.1924
0.1924
0.3358
0.4272
0.3434
0.1883
0.1394
0.4559
0.247
0.1924 
0.1924
0.3358 
0.4272
0.3434
0.1745
0.1317
0.4559
0.247
0.1924
0.1924
0.3358
0.4300
0.3386
0.1745
0.1317
0.4559
0.247
0.1924
0.1924
0.3358
0.4400
0.3386
0.1745
0.1317
0.4530
0.247
0.1924
0.1924
0.3358
0.4492
0.3386
0.1649
0.1317
0.4524
0.247
0.1924