-1.532
-1.6101
-2.0543
-2.604
-2.7746
-2.6037
-2.0882
-1.6522
-1.532
-1.532
-1.6101
-2.0543
-2.6582
-2.7746
-2.6037
-2.0882
-1.6522
-1.532
-1.532
-1.6101
-2.0543
-2.6582
-2.7746
-2.6037
-2.0882
-1.6522
-1.532
-1.532
-1.6101
-2.0543
-2.6582
-2.7746
-2.6579
-2.0882
-1.6522
-1.532
-1.532
-1.6101
-2.0882
-2.6582
-2.7746
-2.6579
-2.0879
-1.6522
-1.532
-1.532
-1.6098
-2.0878
-2.7148
-2.8363
-2.6034
-2.0879
-1.6305
-1.532
-1.532
-1.6098
-2.0878
-2.7148
-2.8363
-2.6579
-2.1229
-1.6305
-1.532
-1.532
-1.6098
-2.0878
-2.7148
-2.8363
-2.6577
-2.1229
-1.6305
-1.532
-1.532
-1.6098
-2.0878
-2.7146
-2.8363
-2.6577
-2.1229
-1.6305
-1.532
-1.532
-1.6098
-2.0878
-2.7146
-2.8363
-2.6577
-2.1226
-1.6305
-1.532
-1.5133
-1.6098
-2.0878
-2.7146
-2.8363
-2.6577
-2.1226
-1.6305
-1.5133
-1.5133
-1.6098
-2.0874
-2.7146
-2.9009
-2.7143
-2.1226
-1.6305
-1.5133
-1.5133
-1.6098
-2.0874
-2.7737
-2.9009
-2.7143
-2.1226
-1.6095
-1.5133
-1.5133
-1.5892
-2.0874
-2.7737
-2.9009
-2.7143
-2.1585
-1.6095
-1.5133
-1.5133
-1.5892
-2.1224
-2.7737
-2.9009
-2.7735
-2.1585
-1.6095
-1.5133
-1.5133
-1.5892
-2.1224
-2.7737
-2.9009
-2.7735
-2.1585
-1.6095
-1.5133
-1.5133
-1.5892
-2.1224
-2.8355
-2.9685
-2.7735
-2.1585
-1.6095
-1.5133
-1.5133
-1.5892
-2.122
-2.8355
-2.9685
-2.7735
-2.1583
-1.6095
-1.5133
-1.5133
-1.5863
-2.122
-2.8353
-2.9685
-2.7733
-2.1583
-1.6094
-1.5133
-1.5103
-1.5835
-2.122
-2.8353
-2.9685
-2.7733
-2.1958
-1.6094
-1.5103
-1.5072
-1.5806
-2.122
-2.8353
-2.9685
-2.7733
-2.1955
-1.6093
-1.5072 
-1.5042
-1.5778 
-2.122
-2.8353
-3.0393
-2.835
-2.1955
-1.6093
-1.5042
-1.5012
-1.5749
-2.1339
-2.8568
-3.0393
-2.835
-2.1955
-1.6092
-1.5012
-1.4981
-1.5721
-2.1459
-2.8784
-3.0393
-2.835
-2.2148
-1.6092
-1.4981
-1.4951
-1.5692
-2.1578
-2.8999
-3.1135
-2.8347
-2.2341
-1.6091
-1.4951