2.1775
2.081
1.6369
1.2804
1.2273
1.2964
1.6103
2.0353
2.1775
2.1813
2.0856
1.6369
1.2737
1.2217
1.2916
1.6103
2.0353
2.1813
2.1847
2.0897
1.6369
1.265
1.2166
1.2916
1.6103
2.0353
2.1847
2.1878
2.0884
1.6369
1.262
1.2121
1.2782
1.6103
2.0392
2.1878
2.1912
2.0884
1.6103
1.2559
1.207
1.2721
1.6103
2.0436
2.1912
2.195
2.0884
1.6103
1.2492
1.2013
1.2836
1.6103
2.0485
2.195
2.198
2.078
1.6103
1.2437
1.1967
1.265
1.5838
2.0525
2.198
2.2016
2.0827
1.6103
1.2384
1.1911
1.265
1.5838
2.0573
2.2016
2.2053
2.0884
1.6103
1.2384
1.1855
1.264
1.5838
2.0619
2.2053
2.2079
2.0906
1.6103
1.2384
1.1813
1.259
1.5838
2.0619
2.2079
2.2119
2.0954
1.6103
1.2335
1.1751
1.2515
1.5838
2.0619
2.2119
2.2153
2.0994
1.6103
1.2271
1.1699
1.2452
1.5838
2.0619
2.2153
2.2183
2.103
1.6103
1.2213
1.1653
1.2396
1.5838
2.0783
2.2183
2.2219
2.1074
1.6103
1.2119
1.1596
1.2384
1.5572
2.0829
2.2219
2.2255
2.1118
1.5838
1.2073
1.1538
1.2259
1.5572
2.0875
2.2255
2.2284
2.115
1.5838
1.2015
1.1491
1.2203
1.5572
2.0884
2.2284
2.232
2.115
1.5838
1.1945
1.1433
1.2135
1.5572
2.0884
2.232
2.2352
2.1233
1.5838
1.1881
1.1381
1.2119
1.5572
2.0884
2.2352
2.2388
2.1275
1.5838
1.1853
1.1323
1.2119
1.5572
2.0884
2.2388
2.2424
2.1317
1.5838
1.1853
1.1265
1.2099
1.5306
2.0884
2.2424
2.2453
2.1351
1.5838
1.1832
1.1217
1.2042
1.5306
2.0884
2.2453
2.2489
2.1392 
1.5838
1.1759
1.1158
1.1972
1.5306
2.0884
2.2489
2.2527
2.1416
1.5572
1.1679
1.1095
1.1895
1.5306
2.0899
2.2527
2.2552
2.1416
1.5572
1.1626
1.1052
1.1853
1.5041
2.093
2.2552
2.2584
2.1416
1.5572
1.1559
1.0998
1.1853
1.5041
2.0969
2.2584