 ephi(??)
                283.796300000000000
                222.470300000000000
                161.803700000000000
                102.236100000000000
                 43.987390000000000
                -12.722690000000000
                -67.454510000000000
               -119.768500000000000
               -169.224900000000000
               -215.098600000000000
               -256.664000000000000
               -293.459600000000000
               -325.111700000000000
               -351.378600000000000
               -372.062400000000000
               -387.075200000000000
               -396.329000000000000
               -399.494500000000000
               -393.230200000000000
               -366.194000000000000
               -307.615600000000000
               -220.792000000000000
               -120.120600000000000
                -28.241490000000000
                 24.600000000000000
                   .000000000000000
