 forblC(24)
                   .000000000000000
                   .000000000000000
                   .000000000000000
                   .000000000000000
                   .000000000000000
                   .000000000000000
                   .000000000000000
                   .000000000000000
                   .000000000000000
                   .000000000000000
                   .000000000000000
                   .000000000000000
                   .000000000000000
                   .000000010699920
                   .000000021399840
                   .000000059231700
                   .000000163173800
                   .000000537671000
                   .000001784976000
                   .000005997687000
                   .000026640900000
                   .000207983100000
                   .003152147000000
                   .082435260000000
