 vintrin(24)
                  3.146635000000000
                 12.551430000000000
                 18.696210000000000
                 27.734250000000000
                 40.971650000000000
                 60.259890000000000
                 88.236630000000000
                128.600300000000000
                186.474900000000000
                268.903400000000000
                385.399300000000000
                548.663000000000000
                775.437900000000000
               1087.659000000000000
               1514.157000000000000
               2094.029000000000000
               2882.071000000000000
               3959.194000000000000
               5425.370000000000000
               7276.884000000000000
               9018.970000000000000
               9193.452000000000000
               6187.330000000000000
               1403.280000000000000
                   .000000000000000
                   .000000000000000
