 vintrin(24)
               1774.589000000000000
               3154.283000000000000
               3614.698000000000000
               4124.371000000000000
               4685.147000000000000
               5298.691000000000000
               5965.192000000000000
               6686.522000000000000
               7463.138000000000000
               8295.522000000000000
               9183.154000000000000
              10123.600000000000000
              11111.850000000000000
              12143.530000000000000
              13191.200000000000000
              14211.450000000000000
              15126.240000000000000
              15756.340000000000000
              15895.440000000000000
              15301.620000000000000
              13634.080000000000000
              10642.790000000000000
               6210.716000000000000
               1604.492000000000000
                   .000000000000000
                   .000000000000000
