 forblC(24)
                   .000000000000000
                   .000000001528560
                   .000000012228480
                   .000000022928400
                   .000000045856800
                   .000000099356400
                   .000000247626700
                   .000000551810200
                   .000001202977000
                   .000002523653000
                   .000005174176000
                   .000010403380000
                   .000020262590000
                   .000038368390000
                   .000070261800000
                   .000123813400000
                   .000208102800000
                   .000329962600000
                   .000490559300000
                   .000696124700000
                   .001028675000000
                   .002122976000000
                   .008549709000000
                   .073837370000000
