 xmorbl(24)
                   .001741831000000
                   .004023905000000
                   .005180226000000
                   .006661367000000
                   .008443283000000
                   .010682190000000
                   .013469580000000
                   .016748050000000
                   .020740810000000
                   .025616870000000
                   .031132820000000
                   .037616450000000
                   .045208010000000
                   .053490430000000
                   .062615660000000
                   .072051000000000
                   .080002180000000
                   .083813580000000
                   .079549810000000
                   .064442070000000
                   .040520700000000
                   .017079850000000
                   .003337011000000
                   .000033583720000
                   .000000000000000
                   .000000000000000
