 eorblc(24)
                   .000000000000000
                   .000000000000000
                   .000000000000000
                   .000000000000000
                   .000000000000000
                   .000000000000000
                   .000000000000000
                   .000000000000000
                   .000000000000000
                   .000000000000000
                   .000000000000000
                   .000000000000000
                   .000000000000000
                   .000000014266560
                   .000000089675520
                   .000000381121000
                   .000001389971000
                   .000004675356000
                   .000014341970000
                   .000043843170000
                   .000170230600000
                   .001088294000000
                   .012237130000000
                   .191290500000000
