 eorbl(24)
                   .000035729600000
                   .000135956300000
                   .000200771300000
                   .000295240400000
                   .000432285000000
                   .000630009300000
                   .000913783400000
                   .001318817000000
                   .001893166000000
                   .002701913000000
                   .003831866000000
                   .005397674000000
                   .007549834000000
                   .010488320000000
                   .014488720000000
                   .019975210000000
                   .027667300000000
                   .039001240000000
                   .057124950000000
                   .088901330000000
                   .147486300000000
                   .247395200000000
                   .381239500000000
                   .483694300000000
                   .000000000000000
                   .000000000000000
