 ephi(??)
                -10.954390000000000
                -51.627270000000000
                -89.827770000000000
               -125.414500000000000
               -158.208300000000000
               -188.003500000000000
               -214.520700000000000
               -237.500700000000000
               -256.752300000000000
               -272.090100000000000
               -283.361700000000000
               -290.389700000000000
               -292.909800000000000
               -290.562700000000000
               -282.892900000000000
               -269.439100000000000
               -249.550800000000000
               -222.405400000000000
               -188.148000000000000
               -149.031000000000000
               -108.001100000000000
                -65.454630000000000
                -13.998910000000000
                 50.735580000000000
                100.000000000000000
                   .000000000000000
