 forblC(24)
                   .000000000000000
                   .000000000000000
                   .000000000000000
                   .000000000000000
                   .000000000000000
                   .000000000000000
                   .000000000000000
                   .000000000000000
                   .000000000000000
                   .000000000000000
                   .000000000000000
                   .000000000000000
                   .000000000000000
                   .000000000000000
                   .000000010699920
                   .000000022928400
                   .000000099356400
                   .000000700080500
                   .000005045776000
                   .000033382220000
                   .000189220500000
                   .000906265100000
                   .005435810000000
                   .082493090000000
