 minEtta(22,24)
                 12.593320000000000
                 15.492620000000000
                 19.542590000000000
                 21.000000000000000
                 21.000000000000000
                 21.000000000000000
                 21.000000000000000
                 21.000000000000000
                 21.000000000000000
                 21.000000000000000
                 21.000000000000000
                 21.000000000000000
                 21.000000000000000
                 21.000000000000000
                 21.000000000000000
                 21.000000000000000
                 21.000000000000000
                 21.000000000000000
                 21.000000000000000
                 21.000000000000000
                 21.000000000000000
                 21.000000000000000
                 10.450870000000000
                 12.697080000000000
                 15.742570000000000
                 20.009380000000000
                 21.000000000000000
                 21.000000000000000
                 21.000000000000000
                 21.000000000000000
                 21.000000000000000
                 21.000000000000000
                 21.000000000000000
                 21.000000000000000
                 21.000000000000000
                 21.000000000000000
                 21.000000000000000
                 21.000000000000000
                 21.000000000000000
                 21.000000000000000
                 21.000000000000000
                 21.000000000000000
                 21.000000000000000
                 21.000000000000000
                  9.780404000000000
                 11.885450000000000
                 14.741200000000000
                 18.745310000000000
                 21.000000000000000
                 21.000000000000000
                 21.000000000000000
                 21.000000000000000
                 21.000000000000000
                 21.000000000000000
                 21.000000000000000
                 21.000000000000000
                 21.000000000000000
                 21.000000000000000
                 21.000000000000000
                 21.000000000000000
                 21.000000000000000
                 21.000000000000000
                 21.000000000000000
                 21.000000000000000
                 21.000000000000000
                 21.000000000000000
                  9.114455000000000
                 11.078920000000000
                 13.745460000000000
                 17.487250000000000
                 21.000000000000000
                 21.000000000000000
                 21.000000000000000
                 21.000000000000000
                 21.000000000000000
                 21.000000000000000
                 21.000000000000000
                 21.000000000000000
                 21.000000000000000
                 21.000000000000000
                 21.000000000000000
                 21.000000000000000
                 21.000000000000000
                 21.000000000000000
                 21.000000000000000
                 21.000000000000000
                 21.000000000000000
                 21.000000000000000
                  8.453918000000000
                 10.278550000000000
                 12.756730000000000
                 16.236920000000000
                 21.000000000000000
                 21.000000000000000
                 21.000000000000000
                 21.000000000000000
                 21.000000000000000
                 21.000000000000000
                 21.000000000000000
                 21.000000000000000
                 21.000000000000000
                 21.000000000000000
                 21.000000000000000
                 21.000000000000000
                 21.000000000000000
                 21.000000000000000
                 21.000000000000000
                 21.000000000000000
                 21.000000000000000
                 21.000000000000000
                  7.799749000000000
                  9.485540000000000
                 11.776450000000000
                 14.996200000000000
                 19.713140000000000
                 21.000000000000000
                 21.000000000000000
                 21.000000000000000
                 21.000000000000000
                 21.000000000000000
                 21.000000000000000
                 21.000000000000000
                 21.000000000000000
                 21.000000000000000
                 21.000000000000000
                 21.000000000000000
                 21.000000000000000
                 21.000000000000000
                 21.000000000000000
                 21.000000000000000
                 21.000000000000000
                 21.000000000000000
                  7.127913000000000
                  8.670639000000000
                 10.768340000000000
                 13.718860000000000
                 18.046240000000000
                 21.000000000000000
                 21.000000000000000
                 21.000000000000000
                 21.000000000000000
                 21.000000000000000
                 21.000000000000000
                 21.000000000000000
                 21.000000000000000
                 21.000000000000000
                 21.000000000000000
                 21.000000000000000
                 21.000000000000000
                 21.000000000000000
                 21.000000000000000
                 21.000000000000000
                 21.000000000000000
                 21.000000000000000
                  6.492888000000000
                  7.900121000000000
                  9.814684000000000
                 12.509750000000000
                 16.466920000000000
                 21.000000000000000
                 21.000000000000000
                 21.000000000000000
                 21.000000000000000
                 21.000000000000000
                 21.000000000000000
                 21.000000000000000
                 21.000000000000000
                 21.000000000000000
                 21.000000000000000
                 21.000000000000000
                 21.000000000000000
                 21.000000000000000
                 21.000000000000000
                 21.000000000000000
                 21.000000000000000
                 21.000000000000000
                  5.869014000000000
                  7.142792000000000
                  8.876783000000000
                 11.319600000000000
                 14.910430000000000
                 19.316570000000000
                 21.000000000000000
                 21.000000000000000
                 21.000000000000000
                 21.000000000000000
                 21.000000000000000
                 21.000000000000000
                 21.000000000000000
                 21.000000000000000
                 21.000000000000000
                 21.000000000000000
                 21.000000000000000
                 21.000000000000000
                 21.000000000000000
                 21.000000000000000
                 21.000000000000000
                 21.000000000000000
                  5.258645000000000
                  6.401529000000000
                  7.958224000000000
                 10.153010000000000
                 13.382910000000000
                 17.365130000000000
                 19.479850000000000
                 21.000000000000000
                 21.000000000000000
                 21.000000000000000
                 21.000000000000000
                 21.000000000000000
                 21.000000000000000
                 21.000000000000000
                 21.000000000000000
                 21.000000000000000
                 21.000000000000000
                 21.000000000000000
                 21.000000000000000
                 21.000000000000000
                 21.000000000000000
                 21.000000000000000
                  4.664314000000000
                  5.679425000000000
                  7.062879000000000
                  9.014957000000000
                 11.890950000000000
                 15.456820000000000
                 17.350700000000000
                 19.086850000000000
                 20.941320000000000
                 21.000000000000000
                 21.000000000000000
                 21.000000000000000
                 21.000000000000000
                 21.000000000000000
                 21.000000000000000
                 21.000000000000000
                 21.000000000000000
                 21.000000000000000
                 21.000000000000000
                 21.000000000000000
                 21.000000000000000
                 21.000000000000000
                  4.075630000000000
                  4.963842000000000
                  6.175046000000000
                  7.885433000000000
                 10.408210000000000
                 13.556920000000000
                 15.230410000000000
                 16.746750000000000
                 18.365460000000000
                 20.069370000000000
                 21.000000000000000
                 21.000000000000000
                 21.000000000000000
                 21.000000000000000
                 21.000000000000000
                 21.000000000000000
                 21.000000000000000
                 21.000000000000000
                 21.000000000000000
                 21.000000000000000
                 21.000000000000000
                 21.000000000000000
                  3.525139000000000
                  4.294433000000000
                  5.344076000000000
                  6.827493000000000
                  9.017992000000000
                 11.773260000000000
                 13.239600000000000
                 14.551350000000000
                 15.950870000000000
                 17.423290000000000
                 18.947390000000000
                 20.495860000000000
                 21.000000000000000
                 21.000000000000000
                 21.000000000000000
                 21.000000000000000
                 21.000000000000000
                 21.000000000000000
                 21.000000000000000
                 21.000000000000000
                 21.000000000000000
                 21.000000000000000
                  3.001169000000000
                  3.657009000000000
                  4.552366000000000
                  5.818738000000000
                  7.690873000000000
                 10.066830000000000
                 11.333860000000000
                 12.451580000000000
                 13.643440000000000
                 14.896780000000000
                 16.193580000000000
                 17.510690000000000
                 18.820620000000000
                 20.093020000000000
                 21.000000000000000
                 21.000000000000000
                 21.000000000000000
                 21.000000000000000
                 21.000000000000000
                 21.000000000000000
                 21.000000000000000
                 21.000000000000000
                  2.505983000000000
                  3.054355000000000
                  3.803424000000000
                  4.863731000000000
                  6.433022000000000
                  8.446368000000000
                  9.523335000000000
                 10.458450000000000
                 11.455110000000000
                 12.502750000000000
                 13.586330000000000
                 14.686600000000000
                 15.780710000000000
                 16.843470000000000
                 17.848940000000000
                 18.772270000000000
                 19.591520000000000
                 20.289070000000000
                 20.852660000000000
                 21.000000000000000
                 21.000000000000000
                 21.000000000000000
                  2.041606000000000
                  2.488968000000000
                  3.100410000000000
                  3.966596000000000
                  5.250060000000000
                  6.920694000000000
                  7.818897000000000
                  8.583840000000000
                  9.398837000000000
                 10.255250000000000
                 11.140850000000000
                 12.039980000000000
                 12.934060000000000
                 13.802640000000000
                 14.624640000000000
                 15.379870000000000
                 16.050460000000000
                 16.622070000000000
                 17.084660000000000
                 17.432850000000000
                 17.665790000000000
                 17.786700000000000
                  1.611306000000000
                  1.964862000000000
                  2.448372000000000
                  3.133876000000000
                  4.150796000000000
                  5.501415000000000
                  6.233562000000000
                  6.841838000000000
                  7.489797000000000
                  8.170601000000000
                  8.874589000000000
                  9.589377000000000
                 10.300310000000000
                 10.991200000000000
                 11.645400000000000
                 12.246930000000000
                 12.781630000000000
                 13.238080000000000
                 13.608270000000000
                 13.887860000000000
                 14.076080000000000
                 14.175370000000000
                  1.217144000000000
                  1.484579000000000
                  1.850526000000000
                  2.369775000000000
                  3.140967000000000
                  4.195022000000000
                  4.773863000000000
                  5.239294000000000
                  5.735133000000000
                  6.256195000000000
                  6.795147000000000
                  7.342583000000000
                  7.887354000000000
                  8.417152000000000
                  8.919277000000000
                  9.381532000000000
                  9.793068000000000
                 10.145120000000000
                 10.431500000000000
                 10.648790000000000
                 10.796290000000000
                 10.875780000000000
                   .869989100000000
                  1.061412000000000
                  1.323500000000000
                  1.695688000000000
                  2.249123000000000
                  3.038498000000000
                  3.481097000000000
                  3.821191000000000
                  4.183708000000000
                  4.564920000000000
                  4.959532000000000
                  5.360728000000000
                  5.760414000000000
                  6.149621000000000
                  6.519083000000000
                  6.859858000000000
                  7.163975000000000
                  7.424953000000000
                  7.638162000000000
                  7.801003000000000
                  7.912863000000000
                  7.974923000000000
                   .570163500000000
                   .695793000000000
                   .867903500000000
                  1.112520000000000
                  1.476703000000000
                  2.027631000000000
                  2.355513000000000
                  2.587443000000000
                  2.835032000000000
                  3.095813000000000
                  3.366242000000000
                  3.641727000000000
                  3.916778000000000
                  4.185278000000000
                  4.440874000000000
                  4.677399000000000
                  4.889321000000000
                  5.072096000000000
                  5.222442000000000
                  5.338446000000000
                  5.419565000000000
                  5.466493000000000
                   .325639900000000
                   .397494200000000
                   .495993700000000
                   .636108300000000
                   .844970500000000
                  1.174595000000000
                  1.420305000000000
                  1.562778000000000
                  1.715361000000000
                  1.876627000000000
                  2.044474000000000
                  2.216132000000000
                  2.388243000000000
                  2.557027000000000
                  2.718515000000000
                  2.868817000000000
                  3.004398000000000
                  3.122314000000000
                  3.220387000000000
                  3.297287000000000
                  3.352541000000000
                  3.386461000000000
                   .146068100000000
                   .178345300000000
                   .222618900000000
                   .285652000000000
                   .379730800000000
                   .529093600000000
                   .702802100000000
                   .777233200000000
                   .856542100000000
                   .940973900000000
                  1.029521000000000
                  1.120802000000000
                  1.213092000000000
                  1.304406000000000
                  1.392611000000000
                  1.475577000000000
                  1.551325000000000
                  1.618164000000000
                  1.674795000000000
                  1.720368000000000
                  1.754493000000000
                  1.777215000000000
                   .036491320000000
                   .044566540000000
                   .055649910000000
                   .071443150000000
                   .095044900000000
                   .132589300000000
                   .197653400000000
                   .248871200000000
                   .277523300000000
                   .308636100000000
                   .341938900000000
                   .376997400000000
                   .413214800000000
                   .449851200000000
                   .486065300000000
                   .520971500000000
                   .553703800000000
                   .583480200000000
                   .609655000000000
                   .631753700000000
                   .649489100000000
                   .662757400000000
                   .001140172000000
                   .001395772000000
                   .001748567000000
                   .002255286000000
                   .003021470000000
                   .004262953000000
                   .006483511000000
                   .011121650000000
                   .024091330000000
                   .030840620000000
                   .037344430000000
                   .000186259300000
                   .000020663480000
                   .000007437931000
                   .000003794735000
                   .000002295548000
                   .000001536678000
                   .000001100221000
                   .000000826385800
                   .000000643378900
                   .000000515059000
                   .000000421623800
                 21.000000000000000
                 21.000000000000000
                 21.000000000000000
                 21.000000000000000
                 21.000000000000000
                 21.000000000000000
                 21.000000000000000
                 21.000000000000000
                 21.000000000000000
                 21.000000000000000
                 21.000000000000000
                 21.000000000000000
                 21.000000000000000
                 21.000000000000000
                 21.000000000000000
                 21.000000000000000
                 21.000000000000000
                 21.000000000000000
                 21.000000000000000
                 21.000000000000000
                 21.000000000000000
                 21.000000000000000
                 21.000000000000000
                 21.000000000000000
                 21.000000000000000
                 21.000000000000000
                 21.000000000000000
                 21.000000000000000
                 21.000000000000000
                 21.000000000000000
                 21.000000000000000
                 21.000000000000000
                 21.000000000000000
                 21.000000000000000
                 21.000000000000000
                 21.000000000000000
                 21.000000000000000
                 21.000000000000000
                 21.000000000000000
                 21.000000000000000
                 21.000000000000000
                 21.000000000000000
                 21.000000000000000
                 21.000000000000000
                 21.000000000000000
                 21.000000000000000
                 21.000000000000000
                 21.000000000000000
                 21.000000000000000
                 21.000000000000000
                 21.000000000000000
                 21.000000000000000
                 21.000000000000000
                 21.000000000000000
                 21.000000000000000
                 21.000000000000000
                 21.000000000000000
                 21.000000000000000
                 21.000000000000000
                 21.000000000000000
                 21.000000000000000
                 21.000000000000000
                 21.000000000000000
                 21.000000000000000
                 21.000000000000000
                 21.000000000000000
                 21.000000000000000
                 21.000000000000000
                 21.000000000000000
                 21.000000000000000
                 21.000000000000000
                 21.000000000000000
                 21.000000000000000
                 21.000000000000000
                 21.000000000000000
                 21.000000000000000
                 21.000000000000000
                 21.000000000000000
                 21.000000000000000
                 21.000000000000000
                 21.000000000000000
                 21.000000000000000
                 21.000000000000000
                 21.000000000000000
                 21.000000000000000
                 21.000000000000000
                 21.000000000000000
                 21.000000000000000
                 21.000000000000000
                 21.000000000000000
                 21.000000000000000
                 21.000000000000000
                 21.000000000000000
                 21.000000000000000
                 21.000000000000000
                 21.000000000000000
                 21.000000000000000
                 21.000000000000000
                 21.000000000000000
                 21.000000000000000
                 21.000000000000000
                 21.000000000000000
                 21.000000000000000
                 21.000000000000000
                 21.000000000000000
                 21.000000000000000
                 21.000000000000000
                 21.000000000000000
                 21.000000000000000
                 21.000000000000000
                 21.000000000000000
                 21.000000000000000
                 21.000000000000000
                 21.000000000000000
                 21.000000000000000
                 21.000000000000000
                 21.000000000000000
                 21.000000000000000
                 21.000000000000000
                 21.000000000000000
                 21.000000000000000
                 21.000000000000000
                 21.000000000000000
                 21.000000000000000
                 21.000000000000000
                 21.000000000000000
                 21.000000000000000
                 21.000000000000000
                 21.000000000000000
                 21.000000000000000
                 21.000000000000000
                 21.000000000000000
                 21.000000000000000
                 21.000000000000000
                 21.000000000000000
                 21.000000000000000
                 21.000000000000000
                 21.000000000000000
                 21.000000000000000
                 21.000000000000000
                 21.000000000000000
                 21.000000000000000
                 21.000000000000000
                 21.000000000000000
                 21.000000000000000
                 21.000000000000000
                 21.000000000000000
                 21.000000000000000
                 21.000000000000000
                 21.000000000000000
                 21.000000000000000
                 21.000000000000000
                 21.000000000000000
                 21.000000000000000
                 21.000000000000000
                 21.000000000000000
                 21.000000000000000
                 21.000000000000000
                 21.000000000000000
                 21.000000000000000
                 21.000000000000000
                 21.000000000000000
                 21.000000000000000
                 21.000000000000000
                 21.000000000000000
                 21.000000000000000
                 21.000000000000000
                 21.000000000000000
                 21.000000000000000
                 21.000000000000000
                 21.000000000000000
                 21.000000000000000
                 21.000000000000000
                 21.000000000000000
                 21.000000000000000
                 21.000000000000000
                 21.000000000000000
                 21.000000000000000
                 21.000000000000000
                 21.000000000000000
                 21.000000000000000
                 21.000000000000000
                 21.000000000000000
                 21.000000000000000
                 21.000000000000000
                 21.000000000000000
                 21.000000000000000
                 21.000000000000000
                 21.000000000000000
                 21.000000000000000
                 21.000000000000000
                 21.000000000000000
                 21.000000000000000
                 21.000000000000000
                 21.000000000000000
                 21.000000000000000
                 21.000000000000000
                 21.000000000000000
                 21.000000000000000
                 21.000000000000000
                 21.000000000000000
                 21.000000000000000
                 21.000000000000000
                 21.000000000000000
                 21.000000000000000
                 21.000000000000000
                 21.000000000000000
                 21.000000000000000
                 21.000000000000000
                 21.000000000000000
                 21.000000000000000
                 21.000000000000000
                 21.000000000000000
                 21.000000000000000
                 21.000000000000000
                 21.000000000000000
                 21.000000000000000
                 21.000000000000000
                 21.000000000000000
                 21.000000000000000
                 21.000000000000000
                 21.000000000000000
                 21.000000000000000
                 21.000000000000000
                 21.000000000000000
                 21.000000000000000
                 21.000000000000000
                 21.000000000000000
                 21.000000000000000
                 21.000000000000000
                 21.000000000000000
                 21.000000000000000
                 21.000000000000000
                 21.000000000000000
                 21.000000000000000
                 21.000000000000000
                 21.000000000000000
                 21.000000000000000
                 21.000000000000000
                 21.000000000000000
                 21.000000000000000
                 21.000000000000000
                 21.000000000000000
                 21.000000000000000
                 21.000000000000000
                 21.000000000000000
                 21.000000000000000
                 21.000000000000000
                 21.000000000000000
                 21.000000000000000
                 21.000000000000000
                 21.000000000000000
                 21.000000000000000
                 21.000000000000000
                 21.000000000000000
                 21.000000000000000
                 21.000000000000000
                 21.000000000000000
                 21.000000000000000
                 21.000000000000000
                 21.000000000000000
                 21.000000000000000
                 21.000000000000000
                 21.000000000000000
                 21.000000000000000
                 21.000000000000000
                 21.000000000000000
                 21.000000000000000
                 21.000000000000000
                 21.000000000000000
                 21.000000000000000
                 21.000000000000000
                 21.000000000000000
                 21.000000000000000
                 21.000000000000000
                 21.000000000000000
                 21.000000000000000
                 21.000000000000000
                 21.000000000000000
                 21.000000000000000
                 21.000000000000000
                 21.000000000000000
                 21.000000000000000
                 21.000000000000000
                 21.000000000000000
                 21.000000000000000
                 18.007020000000000
                 21.000000000000000
                 21.000000000000000
                 21.000000000000000
                 21.000000000000000
                 21.000000000000000
                 21.000000000000000
                 21.000000000000000
                 21.000000000000000
                 21.000000000000000
                 21.000000000000000
                 21.000000000000000
                 21.000000000000000
                 21.000000000000000
                 21.000000000000000
                 21.000000000000000
                 21.000000000000000
                 21.000000000000000
                 21.000000000000000
                 21.000000000000000
                 21.000000000000000
                 21.000000000000000
                 15.035900000000000
                 18.326130000000000
                 21.000000000000000
                 21.000000000000000
                 21.000000000000000
                 21.000000000000000
                 21.000000000000000
                 21.000000000000000
                 21.000000000000000
                 21.000000000000000
                 21.000000000000000
                 21.000000000000000
                 21.000000000000000
                 21.000000000000000
                 21.000000000000000
                 21.000000000000000
                 21.000000000000000
                 21.000000000000000
                 21.000000000000000
                 21.000000000000000
                 21.000000000000000
                 21.000000000000000
                 12.249630000000000
                 14.933810000000000
                 18.602460000000000
                 21.000000000000000
                 21.000000000000000
                 21.000000000000000
                 21.000000000000000
                 21.000000000000000
                 21.000000000000000
                 21.000000000000000
                 21.000000000000000
                 21.000000000000000
                 21.000000000000000
                 21.000000000000000
                 21.000000000000000
                 21.000000000000000
                 21.000000000000000
                 21.000000000000000
                 21.000000000000000
                 21.000000000000000
                 21.000000000000000
                 21.000000000000000
                  9.667835000000000
                 11.789170000000000
                 14.690230000000000
                 18.803260000000000
                 21.000000000000000
                 21.000000000000000
                 21.000000000000000
                 21.000000000000000
                 21.000000000000000
                 21.000000000000000
                 21.000000000000000
                 21.000000000000000
                 21.000000000000000
                 21.000000000000000
                 21.000000000000000
                 21.000000000000000
                 21.000000000000000
                 21.000000000000000
                 21.000000000000000
                 21.000000000000000
                 21.000000000000000
                 21.000000000000000
                  7.302863000000000
                  8.907476000000000
                 11.103160000000000
                 14.218650000000000
                 18.845800000000000
                 21.000000000000000
                 21.000000000000000
                 21.000000000000000
                 21.000000000000000
                 21.000000000000000
                 21.000000000000000
                 21.000000000000000
                 21.000000000000000
                 21.000000000000000
                 21.000000000000000
                 21.000000000000000
                 21.000000000000000
                 21.000000000000000
                 21.000000000000000
                 21.000000000000000
                 21.000000000000000
                 21.000000000000000
                  5.219935000000000
                  6.368470000000000
                  7.941002000000000
                 10.174130000000000
                 13.494740000000000
                 18.230990000000000
                 20.886580000000000
                 21.000000000000000
                 21.000000000000000
                 21.000000000000000
                 21.000000000000000
                 21.000000000000000
                 21.000000000000000
                 21.000000000000000
                 21.000000000000000
                 21.000000000000000
                 21.000000000000000
                 21.000000000000000
                 21.000000000000000
                 21.000000000000000
                 21.000000000000000
                 21.000000000000000
                  3.420981000000000
                  4.174757000000000
                  5.207421000000000
                  6.675117000000000
                  8.860217000000000
                 12.165790000000000
                 14.133080000000000
                 15.524660000000000
                 17.010190000000000
                 18.574880000000000
                 20.197450000000000
                 21.000000000000000
                 21.000000000000000
                 21.000000000000000
                 21.000000000000000
                 21.000000000000000
                 21.000000000000000
                 21.000000000000000
                 21.000000000000000
                 21.000000000000000
                 21.000000000000000
                 21.000000000000000
                  1.953840000000000
                  2.384965000000000
                  2.975962000000000
                  3.816650000000000
                  5.069823000000000
                  7.047569000000000
                  8.521832000000000
                  9.376671000000000
                 10.292160000000000
                 11.259760000000000
                 12.266850000000000
                 13.296790000000000
                 14.329460000000000
                 15.342160000000000
                 16.311090000000000
                 17.212900000000000
                 18.026390000000000
                 18.733880000000000
                 19.322320000000000
                 19.783720000000000
                 20.115250000000000
                 20.318770000000000
                   .876408600000000
                  1.070072000000000
                  1.335713000000000
                  1.713912000000000
                  2.278384000000000
                  3.174562000000000
                  4.216813000000000
                  4.663399000000000
                  5.139253000000000
                  5.645844000000000
                  6.177125000000000
                  6.724811000000000
                  7.278554000000000
                  7.826435000000000
                  8.355666000000000
                  8.853463000000000
                  9.307950000000000
                  9.708986000000000
                 10.048770000000000
                 10.322210000000000
                 10.526960000000000
                 10.663290000000000
                   .218947900000000
                   .267399200000000
                   .333899500000000
                   .428658900000000
                   .570269300000000
                   .795535800000000
                  1.185920000000000
                  1.493227000000000
                  1.665140000000000
                  1.851816000000000
                  2.051633000000000
                  2.261985000000000
                  2.479289000000000
                  2.699107000000000
                  2.916392000000000
                  3.125829000000000
                  3.322222000000000
                  3.500881000000000
                  3.657930000000000
                  3.790522000000000
                  3.896935000000000
                  3.976545000000000
                   .006841033000000
                   .008374632000000
                   .010491400000000
                   .013531720000000
                   .018128820000000
                   .025577720000000
                   .038901060000000
                   .066729930000000
                   .144548000000000
                   .185043700000000
                   .224066600000000
                   .001117556000000
                   .000123980900000
                   .000044627590000
                   .000022768410000
                   .000013773290000
                   .000009220068000
                   .000006601324000
                   .000004958315000
                   .000003860273000
                   .000003090354000
                   .000002529743000
