   n0    forbl   xmorbl  eorbl
  1      .000      .000      .000
  2      .000      .000      .000
  3      .000      .000      .000
  4      .000      .000      .000
  5      .000      .000      .000
  6      .000      .000      .000
  7      .000      .000      .000
  8      .000      .000      .000
  9      .000      .000      .001
 10      .000      .001      .001
 11      .001      .001      .002
 12      .001      .002      .004
 13      .002      .003      .007
 14      .003      .006      .011
 15      .006      .010      .018
 16      .010      .016      .027
 17      .017      .024      .041
 18      .029      .036      .061
 19      .046      .051      .090
 20      .076      .068      .139
 21      .132      .079      .227
 22      .234      .066      .356
 23      .379      .027      .466
 24      .485      .002      .499
   n0    forblC   xmorblC  eorblC
  1      .000      .000      .000
  2      .000      .000      .000
  3      .000      .000      .000
  4      .000      .000      .000
  5      .000      .000      .000
  6      .000      .000      .000
  7      .000      .000      .000
  8      .000      .000      .000
  9      .000      .000      .000
 10      .000      .000      .000
 11      .000      .000      .000
 12      .000      .000      .000
 13      .000      .000      .000
 14      .000      .000      .000
 15      .000      .000      .000
 16      .000      .000      .000
 17      .000      .000      .000
 18      .000      .000      .000
 19      .000      .000      .001
 20      .001      .003      .006
 21      .008      .012      .022
 22      .030      .037      .062
 23      .100      .079      .170
 24      .361      .037      .454
  n0   intrinD   intrinC  NBIreturn   Snbi      dFdr
  1  .665E-01  .000E+00  .364E+19  .443E+19  .165E-03
  2  .585E+00  .000E+00  .364E+19  .443E+19  .182E-03
  3  .112E+01  .000E+00  .364E+19  .443E+19  .393E-03
  4  .222E+01  .000E+00  .371E+19  .360E+19  .740E-03
  5  .418E+01  .000E+00  .371E+19  .360E+19  .154E-02
  6  .809E+01  .000E+00  .371E+19  .360E+19  .306E-02
  7  .154E+02  .000E+00  .371E+19  .360E+19  .601E-02
  8  .291E+02  .000E+00  .220E+19  .594E+19  .123E-01
  9  .554E+02  .000E+00  .220E+19  .594E+19  .226E-01
 10  .101E+03  .000E+00  .220E+19  .594E+19  .443E-01
 11  .184E+03  .000E+00  .417E+19  .143E+19  .825E-01
 12  .327E+03  .000E+00  .417E+19  .143E+19  .150E+00
 13  .567E+03  .000E+00  .417E+19  .143E+19  .264E+00
 14  .955E+03  .000E+00  .417E+19  .143E+19  .453E+00
 15  .156E+04  .145E-02  .484E+19 -.109E+19  .775E+00
 16  .249E+04  .242E-01  .484E+19 -.109E+19  .122E+01
 17  .378E+04  .332E+00  .484E+19 -.109E+19  .197E+01
 18  .557E+04  .366E+01  .376E+19 -.142E+17  .313E+01
 19  .787E+04  .297E+02  .376E+19 -.142E+17  .524E+01
 20  .104E+05  .176E+03  .376E+19 -.142E+17  .977E+01
 21  .121E+05  .762E+03  .376E+19 -.142E+17  .179E+02
 22  .991E+04  .229E+04  .315E+19 -.274E+18  .256E+02
 23  .398E+04  .483E+04  .315E+19 -.274E+18  .186E+02
 24  .282E+03  .220E+04  .315E+19 -.274E+18  .000E+00
 n0         ffrac1    ffrac2    ffrac3         nbdep1    nbilost   nbitot
 1         .00         .00         .00      7.36      .000E+00    .150E+21
 2         .13         .13         .13     14.85      .379E+20    .303E+21
 3         .13         .13         .13      9.78      .250E+20    .200E+21
 4         .13         .13         .13      8.63      .221E+20    .177E+21
 5         .13         .13         .13      7.99      .205E+20    .164E+21
 6         .13         .13         .13      7.49      .193E+20    .154E+21
 7         .13         .13         .13      7.04      .182E+20    .145E+21
 8         .13         .13         .13      6.61      .171E+20    .137E+21
 9         .13         .13         .13      6.18      .161E+20    .129E+21
10         .00         .00         .00      5.76      .000E+00    .121E+21
11         .13         .13         .13      4.32      .114E+20    .913E+20
12         .13         .13         .13      3.63      .966E+19    .773E+20
13         .13         .13         .13      3.16      .846E+19    .677E+20
14         .13         .13         .13      2.79      .754E+19    .603E+20
15         .13         .13         .13      2.50      .680E+19    .544E+20
16         .13         .13         .13      2.25      .619E+19    .495E+20
17         .13         .13         .13      2.05      .567E+19    .454E+20
18         .13         .13         .13      1.87      .523E+19    .418E+20
19         .00         .00         .00      1.72      .000E+00    .388E+20
20         .13         .13         .13      1.59      .451E+19    .361E+20
21         .13         .13         .13      1.47      .422E+19    .337E+20
22         .13         .13         .13      1.37      .396E+19    .316E+20
23         .13         .13         .13      1.27      .372E+19    .298E+20
24         .13         .13         .13      1.19      .351E+19    .281E+20
25         .13         .13         .13      1.12      .333E+19    .266E+20
26         .13         .13         .13      1.05      .316E+19    .252E+20
27         .13         .13         .13       .99      .300E+19    .240E+20
28         .00         .00         .00       .94      .000E+00    .229E+20
29         .13         .13         .13       .89      .274E+19    .219E+20
30         .13         .13         .13       .85      .262E+19    .210E+20
31         .13         .13         .13       .81      .251E+19    .201E+20
32         .13         .13         .13       .77      .241E+19    .193E+20
33         .13         .13         .13       .73      .232E+19    .186E+20
34         .13         .13         .13       .70      .224E+19    .179E+20
35         .13         .13         .13       .67      .215E+19    .172E+20
36         .13         .13         .13       .64      .208E+19    .166E+20
37         .00         .00         .00       .62      .000E+00    .160E+20
38         .13         .13         .13       .59      .193E+19    .154E+20
39         .13         .13         .13       .56      .185E+19    .148E+20
40         .25         .13         .13       .54      .267E+19    .142E+20
41         .13         .13         .13       .51      .170E+19    .136E+20
42         .25         .13         .13       .49      .243E+19    .130E+20
43         .50         .13         .13       .47      .385E+19    .124E+20
44         .50         .13         .13       .44      .364E+19    .117E+20
45         .50         .25         .13       .42      .371E+19    .110E+20
46         .38         .13         .00       .39      .220E+19    .103E+20
47         .50         .50         .25       .38      .417E+19    .976E+19
48         .63         .50         .50       .33      .484E+19    .859E+19
49         .63         .38         .38       .29      .376E+19    .752E+19
50         .63         .50         .38       .22      .315E+19    .602E+19
