 forbl(24)
                   .000000119227700
                   .000001057764000
                   .000002092599000
                   .000004331939000
                   .000008544651000
                   .000017294130000
                   .000034730420000
                   .000068931940000
                   .000138727500000
                   .000267588200000
                   .000519884700000
                   .000989310100000
                   .001841146000000
                   .003345442000000
                   .005924664000000
                   .010335920000000
                   .017309030000000
                   .028547390000000
                   .046366480000000
                   .076172060000000
                   .131779000000000
                   .233759300000000
                   .379494100000000
                   .485240900000000
                   .000000000000000
                   .000000000000000
