 xmorbl(24)
                   .000000351039300
                   .000003124256000
                   .000006067605000
                   .000012106450000
                   .000023155600000
                   .000045296880000
                   .000087509160000
                   .000166697900000
                   .000320624400000
                   .000590313200000
                   .001089012000000
                   .001960119000000
                   .003435544000000
                   .005850308000000
                   .009655015000000
                   .015563140000000
                   .023917870000000
                   .035650840000000
                   .050871760000000
                   .068166950000000
                   .079351740000000
                   .065894020000000
                   .026699840000000
                   .001913641000000
                   .000000000000000
                   .000000000000000
