 eorbl(24)
                   .000001063878000
                   .000008904371000
                   .000016806010000
                   .000032613360000
                   .000060643070000
                   .000115023100000
                   .000215243700000
                   .000396826400000
                   .000736745500000
                   .001309636000000
                   .002327000000000
                   .004030652000000
                   .006794407000000
                   .011126540000000
                   .017674990000000
                   .027487050000000
                   .041117120000000
                   .060813400000000
                   .090188070000000
                   .139132500000000
                   .227206400000000
                   .356003000000000
                   .466369000000000
                   .499053100000000
                   .000000000000000
                   .000000000000000
