 ephi(??)
                623.156900000000000
                597.312100000000000
                571.181900000000000
                544.810200000000000
                518.240900000000000
                491.539800000000000
                464.794800000000000
                438.049700000000000
                411.348600000000000
                384.713400000000000
                358.166000000000000
                331.794300000000000
                305.686000000000000
                279.841300000000000
                254.216100000000000
                228.810600000000000
                203.602600000000000
                178.592300000000000
                153.845500000000000
                129.493900000000000
                105.801000000000000
                 83.184160000000000
                 62.609380000000000
                 45.547890000000000
                 32.900000000000000
                   .000000000000000
