   n0    forbl   xmorbl  eorbl
  1      .000      .000      .000
  2      .000      .000      .000
  3      .000      .000      .000
  4      .000      .000      .000
  5      .000      .000      .000
  6      .000      .000      .000
  7      .000      .000      .000
  8      .000      .000      .001
  9      .000      .001      .001
 10      .000      .001      .002
 11      .001      .002      .004
 12      .002      .003      .006
 13      .003      .005      .010
 14      .005      .008      .015
 15      .008      .013      .023
 16      .014      .020      .034
 17      .022      .029      .050
 18      .036      .042      .073
 19      .058      .058      .110
 20      .097      .074      .174
 21      .170      .078      .280
 22      .293      .052      .409
 23      .433      .014      .487
 24      .500      .000      .500
   n0    forblC   xmorblC  eorblC
  1      .000      .000      .000
  2      .000      .000      .000
  3      .000      .000      .000
  4      .000      .000      .000
  5      .000      .000      .000
  6      .000      .000      .000
  7      .000      .000      .000
  8      .000      .000      .000
  9      .000      .000      .000
 10      .000      .000      .000
 11      .000      .000      .000
 12      .000      .000      .000
 13      .000      .000      .000
 14      .000      .000      .000
 15      .000      .000      .000
 16      .000      .000      .000
 17      .000      .000      .000
 18      .000      .000      .000
 19      .000      .001      .002
 20      .003      .005      .010
 21      .015      .021      .036
 22      .053      .057      .097
 23      .179      .090      .275
 24      .496      .000      .500
  n0   intrinD   intrinC  NBIreturn   Snbi      dFdr
  1  .217E+00  .000E+00  .367E+19  .463E+19  .436E-03
  2  .162E+01  .000E+00  .367E+19  .463E+19  .462E-03
  3  .300E+01  .000E+00  .367E+19  .463E+19  .881E-03
  4  .554E+01  .000E+00  .373E+19  .380E+19  .168E-02
  5  .101E+02  .000E+00  .373E+19  .380E+19  .318E-02
  6  .185E+02  .000E+00  .373E+19  .380E+19  .631E-02
  7  .342E+02  .000E+00  .373E+19  .380E+19  .114E-01
  8  .610E+02  .000E+00  .216E+19  .618E+19  .211E-01
  9  .108E+03  .000E+00  .216E+19  .618E+19  .384E-01
 10  .187E+03  .000E+00  .216E+19  .618E+19  .689E-01
 11  .321E+03  .000E+00  .407E+19  .153E+19  .125E+00
 12  .547E+03  .000E+00  .407E+19  .153E+19  .212E+00
 13  .899E+03  .000E+00  .407E+19  .153E+19  .356E+00
 14  .144E+04  .660E-03  .407E+19  .153E+19  .585E+00
 15  .225E+04  .788E-02  .492E+19 -.105E+19  .943E+00
 16  .343E+04  .106E+00  .492E+19 -.105E+19  .150E+01
 17  .507E+04  .119E+01  .492E+19 -.105E+19  .239E+01
 18  .730E+04  .107E+02  .388E+19  .965E+17  .386E+01
 19  .100E+05  .731E+02  .388E+19  .965E+17  .681E+01
 20  .127E+05  .382E+03  .388E+19  .965E+17  .128E+02
 21  .132E+05  .146E+04  .388E+19  .965E+17  .216E+02
 22  .888E+04  .395E+04  .355E+19 -.268E+18  .246E+02
 23  .239E+04  .623E+04  .355E+19 -.268E+18  .117E+02
 24 -.765E+00 -.104E+02  .355E+19 -.268E+18  .000E+00
 n0         ffrac1    ffrac2    ffrac3         nbdep1    nbilost   nbitot
 1         .00         .00         .00      5.50      .000E+00    .104E+21
 2         .13         .13         .13     11.07      .263E+20    .210E+21
 3         .13         .13         .13      7.28      .173E+20    .138E+21
 4         .13         .13         .13      6.42      .153E+20    .122E+21
 5         .13         .13         .13      5.94      .142E+20    .113E+21
 6         .13         .13         .13      5.57      .133E+20    .107E+21
 7         .13         .13         .13      5.23      .126E+20    .100E+21
 8         .13         .13         .13      4.91      .118E+20    .945E+20
 9         .13         .13         .13      4.59      .111E+20    .888E+20
10         .00         .00         .00      4.27      .000E+00    .831E+20
11         .13         .13         .13      3.96      .969E+19    .775E+20
12         .13         .13         .13      3.66      .901E+19    .721E+20
13         .13         .13         .13      3.38      .835E+19    .668E+20
14         .13         .13         .13      3.10      .774E+19    .619E+20
15         .13         .13         .13      2.85      .715E+19    .572E+20
16         .13         .13         .13      2.55      .645E+19    .516E+20
17         .13         .13         .13      2.21      .564E+19    .452E+20
18         .13         .13         .13      1.99      .512E+19    .410E+20
19         .00         .00         .00      1.81      .000E+00    .377E+20
20         .13         .13         .13      1.66      .437E+19    .350E+20
21         .13         .13         .13      1.54      .408E+19    .327E+20
22         .13         .13         .13      1.43      .383E+19    .307E+20
23         .13         .13         .13      1.34      .361E+19    .289E+20
24         .13         .13         .13      1.25      .342E+19    .273E+20
25         .13         .13         .13      1.18      .325E+19    .260E+20
26         .13         .13         .13      1.11      .309E+19    .247E+20
27         .13         .13         .13      1.05      .295E+19    .236E+20
28         .00         .00         .00      1.00      .000E+00    .226E+20
29         .13         .13         .13       .95      .271E+19    .217E+20
30         .13         .13         .13       .91      .261E+19    .209E+20
31         .13         .13         .13       .86      .251E+19    .201E+20
32         .13         .13         .13       .83      .242E+19    .193E+20
33         .13         .13         .13       .79      .233E+19    .187E+20
34         .13         .13         .13       .76      .225E+19    .180E+20
35         .13         .13         .13       .72      .218E+19    .174E+20
36         .13         .13         .13       .69      .210E+19    .168E+20
37         .00         .00         .00       .66      .000E+00    .162E+20
38         .13         .13         .13       .64      .196E+19    .157E+20
39         .13         .13         .13       .61      .189E+19    .151E+20
40         .25         .13         .13       .58      .272E+19    .145E+20
41         .25         .13         .13       .55      .260E+19    .139E+20
42         .38         .13         .13       .52      .329E+19    .133E+20
43         .50         .13         .13       .49      .389E+19    .127E+20
44         .50         .13         .13       .47      .367E+19    .120E+20
45         .50         .25         .13       .44      .373E+19    .113E+20
46         .38         .13         .00       .40      .216E+19    .105E+20
47         .50         .50         .25       .37      .407E+19    .968E+19
48         .63         .50         .50       .34      .492E+19    .880E+19
49         .63         .38         .38       .30      .388E+19    .786E+19
50         .63         .50         .38       .26      .355E+19    .682E+19
