 eorbl(24)
                   .000003130491000
                   .000022049990000
                   .000040231700000
                   .000072961220000
                   .000131280900000
                   .000234354800000
                   .000423845300000
                   .000739992200000
                   .001275863000000
                   .002167739000000
                   .003621721000000
                   .006004033000000
                   .009607064000000
                   .015000310000000
                   .022852120000000
                   .034049980000000
                   .049932820000000
                   .073292340000000
                   .109884200000000
                   .173562000000000
                   .280340200000000
                   .409207800000000
                   .487388600000000
                   .499996400000000
                   .000000000000000
                   .000000000000000
