 forblC(24)
                   .000000000000000
                   .000000000000000
                   .000000000000000
                   .000000000000000
                   .000000000000000
                   .000000000000000
                   .000000000000000
                   .000000000000000
                   .000000000000000
                   .000000000000000
                   .000000000000000
                   .000000000000000
                   .000000000000000
                   .000000000000000
                   .000000033628320
                   .000000490667700
                   .000006036284000
                   .000062028960000
                   .000494658800000
                   .003096312000000
                   .014787520000000
                   .053480740000000
                   .179361000000000
                   .495740600000000
