    0.000000E+00
    0.000000E+00
    0.000000E+00
    0.000000E+00
    0.000000E+00
    0.000000E+00
    0.000000E+00
    0.000000E+00
    0.000000E+00
    0.000000E+00
    0.000000E+00
    0.000000E+00
    0.000000E+00
    0.000000E+00
    0.000000E+00
    0.000000E+00
    0.000000E+00
    0.000000E+00
    0.000000E+00
    0.000000E+00
    0.000000E+00
    0.000000E+00
    0.000000E+00
    0.000000E+00
    0.000000E+00
    0.000000E+00
    0.000000E+00
    0.000000E+00
    0.000000E+00
    0.000000E+00
    0.000000E+00
    0.000000E+00
    0.000000E+00
    0.000000E+00
    0.000000E+00
    0.000000E+00
    0.000000E+00
    0.000000E+00
    0.000000E+00
    0.000000E+00
    0.000000E+00
    0.000000E+00
    0.000000E+00
    0.000000E+00
    0.000000E+00
    0.000000E+00
    0.000000E+00
    0.000000E+00
    0.000000E+00
    0.000000E+00
    0.000000E+00
    0.000000E+00
    0.000000E+00
    0.000000E+00
    0.000000E+00
    0.000000E+00
    0.000000E+00
    0.000000E+00
    0.000000E+00
    0.000000E+00
    0.000000E+00
    0.000000E+00
    0.000000E+00
    0.000000E+00
    0.000000E+00
    0.000000E+00
    0.000000E+00
    0.000000E+00
    0.000000E+00
    0.000000E+00
    0.000000E+00
    0.000000E+00
    0.000000E+00
    0.000000E+00
    0.000000E+00
    0.000000E+00
    0.000000E+00
    0.000000E+00
    0.000000E+00
    0.000000E+00
    0.000000E+00
    0.000000E+00
    0.000000E+00
    0.000000E+00
    0.000000E+00
    0.000000E+00
    0.000000E+00
    0.000000E+00
    0.000000E+00
    0.000000E+00
    0.000000E+00
    0.000000E+00
    0.000000E+00
    0.000000E+00
    0.000000E+00
    0.000000E+00
    0.000000E+00
    0.000000E+00
    0.000000E+00
    0.000000E+00
     3764.780000
    22588.680000
     3464.429000
    20786.570000
     3175.227000
    19051.360000
     2897.345000
    17384.070000
     2630.972000
    15785.830000
     2376.290000
    14257.740000
     2133.487000
    12800.920000
     1902.745000
    11416.470000
     1684.241000
    10105.450000
     1478.182000
     8869.090000
     1284.797000
     7708.779000
     1104.302000
     6625.815000
      936.961400
     5621.768000
      783.083900
     4698.503000
      642.518100
     3855.108000
      514.867600
     3089.206000
      400.182700
     2401.096000
      298.767500
     1792.605000
      210.858700
     1265.152000
      136.652100
      819.912300
       77.327080
      463.962500
       34.425320
      206.551900
        8.562757
       51.376540
    9.863127E-05
    5.917876E-04
