 vintrinC(24)
                   .000000000000000
                   .000000000000000
                   .000000000000000
                   .000000000000000
                   .000000000000000
                   .000000000000000
                   .000000000000000
                   .000000000000000
                   .000000000000000
                   .000000000000000
                   .000000000000000
                   .000000000000000
                   .000000000000000
                   .000658971500000
                   .007869780000000
                   .105664500000000
                  1.183731000000000
                 10.663390000000000
                 73.003750000000000
                381.184300000000000
               1460.019000000000000
               3943.509000000000000
               6225.825000000000000
                -10.341520000000000
