 Tion(24)
               2948.000000000000000
               2932.000000000000000
               2918.000000000000000
               2890.000000000000000
               2850.000000000000000
               2810.000000000000000
               2780.000000000000000
               2750.000000000000000
               2705.000000000000000
               2672.000000000000000
               2630.000000000000000
               2580.000000000000000
               2530.000000000000000
               2470.000000000000000
               2360.000000000000000
               2270.000000000000000
               2058.000000000000000
               1818.000000000000000
               1495.000000000000000
               1150.000000000000000
                930.000000000000000
                780.000000000000000
                690.000000000000000
                659.000000000000000
                536.000000000000000
                   .000000000000000
