 forbl(24)
                   .027805730000000
                   .032002940000000
                   .036461280000000
                   .040778220000000
                   .045408360000000
                   .050719560000000
                   .057154480000000
                   .064687410000000
                   .073062960000000
                   .083552780000000
                   .095830130000000
                   .110382400000000
                   .128176900000000
                   .149419900000000
                   .171950500000000
                   .201952700000000
                   .229183000000000
                   .263113600000000
                   .298932300000000
                   .340623100000000
                   .404878500000000
                   .468677300000000
                   .499450000000000
                   .499450000000000
                   .000000000000000
                   .000000000000000
