 xmorbl(24)
                   .034836610000000
                   .038775650000000
                   .042697530000000
                   .046228430000000
                   .049734760000000
                   .053402940000000
                   .057351950000000
                   .061303890000000
                   .064888370000000
                   .068320210000000
                   .071029420000000
                   .072753920000000
                   .073177550000000
                   .071916900000000
                   .069100920000000
                   .064037970000000
                   .058734620000000
                   .051935910000000
                   .044905010000000
                   .036432510000000
                   .021257790000000
                   .006135756000000
                  -.000002551358000
                  -.000002551358000
                   .000000000000000
                   .000000000000000
