 vintrin(24)
              20881.460000000000000
              23179.410000000000000
              25462.830000000000000
              27435.910000000000000
              29311.890000000000000
              31252.130000000000000
              33383.510000000000000
              35490.800000000000000
              37257.340000000000000
              38987.800000000000000
              40214.020000000000000
              40796.940000000000000
              40634.930000000000000
              39458.520000000000000
              37059.640000000000000
              33683.080000000000000
              29415.630000000000000
              24447.030000000000000
              19168.000000000000000
              13639.530000000000000
               7156.834000000000000
               1891.807000000000000
                  -.739873300000000
                  -.723061900000000
                   .000000000000000
                   .000000000000000
