 eorbl(24)
                   .060612580000000
                   .067855800000000
                   .075499990000000
                   .082944570000000
                   .090949950000000
                   .100170300000000
                   .111389600000000
                   .124577500000000
                   .139266200000000
                   .157512500000000
                   .178497300000000
                   .202600300000000
                   .230678400000000
                   .262002000000000
                   .292599700000000
                   .329113800000000
                   .358358600000000
                   .389953100000000
                   .418073800000000
                   .445203900000000
                   .477198700000000
                   .496284700000000
                   .499991400000000
                   .499991400000000
                   .000000000000000
                   .000000000000000
