 minEtta(22,24)
                  1.438369000000000
                  1.747373000000000
                  2.166251000000000
                  2.752959000000000
                  3.608342000000000
                  4.663611000000000
                  5.243212000000000
                  5.809329000000000
                  6.420204000000000
                  7.069855000000000
                  7.749008000000000
                  8.445079000000000
                  9.142586000000000
                  9.824011000000000
                 10.471020000000000
                 11.065920000000000
                 11.593040000000000
                 12.039910000000000
                 12.398020000000000
                 12.663100000000000
                 12.834940000000000
                 12.916880000000000
                  1.324321000000000
                  1.609232000000000
                  1.995677000000000
                  2.537391000000000
                  3.328073000000000
                  4.309561000000000
                  4.848766000000000
                  5.369903000000000
                  5.931909000000000
                  6.529268000000000
                  7.153458000000000
                  7.792949000000000
                  8.433580000000000
                  9.059350000000000
                  9.653518000000000
                 10.199920000000000
                 10.684240000000000
                 11.095090000000000
                 11.424660000000000
                 11.669000000000000
                 11.827890000000000
                 11.904340000000000
                  1.222412000000000
                  1.485747000000000
                  1.843123000000000
                  2.344459000000000
                  3.076979000000000
                  3.985634000000000
                  4.483074000000000
                  4.962017000000000
                  5.478092000000000
                  6.026193000000000
                  6.598488000000000
                  7.184423000000000
                  7.771073000000000
                  8.343850000000000
                  8.887523000000000
                  9.387392000000000
                  9.830441000000000
                 10.206300000000000
                 10.507890000000000
                 10.731590000000000
                 10.877190000000000
                 10.947410000000000
                  1.138880000000000
                  1.384518000000000
                  1.718041000000000
                  2.186237000000000
                  2.870996000000000
                  3.712538000000000
                  4.169462000000000
                  4.611454000000000
                  5.087177000000000
                  5.591864000000000
                  6.118268000000000
                  6.656681000000000
                  7.195256000000000
                  7.720661000000000
                  8.219002000000000
                  8.676894000000000
                  9.082501000000000
                  9.426404000000000
                  9.702166000000000
                  9.906528000000000
                 10.039310000000000
                 10.103000000000000
                  1.061880000000000
                  1.291186000000000
                  1.602689000000000
                  2.040271000000000
                  2.680874000000000
                  3.459883000000000
                  3.879117000000000
                  4.287055000000000
                  4.725617000000000
                  5.190351000000000
                  5.674552000000000
                  6.169287000000000
                  6.663697000000000
                  7.145597000000000
                  7.602317000000000
                  8.021672000000000
                  8.392900000000000
                  8.707448000000000
                  8.959475000000000
                  9.146043000000000
                  9.267004000000000
                  9.324649000000000
                   .986328500000000
                  1.199576000000000
                  1.489406000000000
                  1.896821000000000
                  2.493837000000000
                  3.211293000000000
                  3.593735000000000
                  3.968566000000000
                  4.371058000000000
                  4.797072000000000
                  5.240428000000000
                  5.692946000000000
                  6.144715000000000
                  6.584653000000000
                  7.001259000000000
                  7.383490000000000
                  7.721611000000000
                  8.007895000000000
                  8.237074000000000
                  8.406507000000000
                  8.516084000000000
                  8.567901000000000
                   .909128300000000
                  1.105919000000000
                  1.373516000000000
                  1.749932000000000
                  2.302057000000000
                  2.956697000000000
                  3.302055000000000
                  3.643550000000000
                  4.009797000000000
                  4.396979000000000
                  4.799452000000000
                  5.209783000000000
                  5.619007000000000
                  6.017130000000000
                  6.393806000000000
                  6.739115000000000
                  7.044332000000000
                  7.302535000000000
                  7.509019000000000
                  7.661443000000000
                  7.759724000000000
                  7.805771000000000
                   .834163200000000
                  1.014942000000000
                  1.260886000000000
                  1.607080000000000
                  2.115365000000000
                  2.708800000000000
                  3.018317000000000
                  3.327728000000000
                  3.659143000000000
                  4.009062000000000
                  4.372357000000000
                  4.742312000000000
                  5.110863000000000
                  5.469049000000000
                  5.807612000000000
                  6.117703000000000
                  6.391542000000000
                  6.622975000000000
                  6.807829000000000
                  6.944035000000000
                  7.031547000000000
                  7.072093000000000
                   .765672000000000
                   .931803900000000
                  1.157933000000000
                  1.476450000000000
                  1.944551000000000
                  2.480514000000000
                  2.758046000000000
                  3.038195000000000
                  3.337871000000000
                  3.653866000000000
                  3.981520000000000
                  4.314771000000000
                  4.646371000000000
                  4.968292000000000
                  5.272264000000000
                  5.550393000000000
                  5.795760000000000
                  6.002898000000000
                  6.168112000000000
                  6.289586000000000
                  6.367303000000000
                  6.402830000000000
                   .695845600000000
                   .847005100000000
                  1.052855000000000
                  1.343004000000000
                  1.769827000000000
                  2.245043000000000
                  2.493029000000000
                  2.743836000000000
                  3.011755000000000
                  3.293875000000000
                  3.586010000000000
                  3.882749000000000
                  4.177651000000000
                  4.463606000000000
                  4.733310000000000
                  4.979813000000000
                  5.197028000000000
                  5.380164000000000
                  5.525990000000000
                  5.632932000000000
                  5.701007000000000
                  5.731617000000000
                   .630276400000000
                   .767353200000000
                   .954117500000000
                  1.217542000000000
                  1.605429000000000
                  2.023590000000000
                  2.244016000000000
                  2.467520000000000
                  2.705929000000000
                  2.956614000000000
                  3.215832000000000
                  3.478775000000000
                  3.739745000000000
                  3.992475000000000
                  4.230553000000000
                  4.447883000000000
                  4.639147000000000
                  4.800165000000000
                  4.928134000000000
                  5.021702000000000
                  5.080907000000000
                  5.107010000000000
                   .568094300000000
                   .691793200000000
                   .860413400000000
                  1.098409000000000
                  1.449194000000000
                  1.813663000000000
                  2.008261000000000
                  2.206207000000000
                  2.417039000000000
                  2.638395000000000
                  2.866949000000000
                  3.098452000000000
                  3.327899000000000
                  3.549803000000000
                  3.758565000000000
                  3.948880000000000
                  4.116133000000000
                  4.256706000000000
                  4.368181000000000
                  4.449410000000000
                  4.500456000000000
                  4.522438000000000
                   .507421500000000
                   .618040300000000
                   .768904400000000
                   .981984600000000
                  1.296355000000000
                  1.609316000000000
                  1.779161000000000
                  1.952620000000000
                  2.137082000000000
                  2.330447000000000
                  2.529790000000000
                  2.731398000000000
                  2.930920000000000
                  3.123603000000000
                  3.304614000000000
                  3.469390000000000
                  3.613970000000000
                  3.735259000000000
                  3.831202000000000
                  3.900836000000000
                  3.944241000000000
                  3.962411000000000
                   .449438900000000
                   .547535000000000
                   .681388300000000
                   .870573500000000
                  1.149971000000000
                  1.415373000000000
                  1.562192000000000
                  1.712807000000000
                  1.872721000000000
                  2.040088000000000
                  2.212354000000000
                  2.386308000000000
                  2.558199000000000
                  2.723950000000000
                  2.879431000000000
                  3.020750000000000
                  3.144541000000000
                  3.248183000000000
                  3.329948000000000
                  3.389036000000000
                  3.425542000000000
                  3.440335000000000
                   .399322400000000
                   .486588100000000
                   .605725300000000
                   .774233100000000
                  1.021320000000000
                  1.249415000000000
                  1.376899000000000
                  1.508223000000000
                  1.647442000000000
                  1.792928000000000
                  1.942448000000000
                  2.093208000000000
                  2.241966000000000
                  2.385209000000000
                  2.519387000000000
                  2.641169000000000
                  2.747679000000000
                  2.836688000000000
                  2.906729000000000
                  2.957141000000000
                  2.988022000000000
                  3.000134000000000
                   .342417700000000
                   .417346700000000
                   .519698600000000
                   .664576800000000
                   .876074300000000
                  1.067761000000000
                  1.175408000000000
                  1.286498000000000
                  1.404122000000000
                  1.526889000000000
                  1.652910000000000
                  1.779832000000000
                  1.904931000000000
                  2.025266000000000
                  2.137877000000000
                  2.239983000000000
                  2.329195000000000
                  2.403661000000000
                  2.462170000000000
                  2.504179000000000
                  2.529778000000000
                  2.539614000000000
                   .296011400000000
                   .360881700000000
                   .449548900000000
                   .575165700000000
                   .759430100000000
                   .928777100000000
                  1.022591000000000
                  1.118852000000000
                  1.220735000000000
                  1.327036000000000
                  1.436125000000000
                  1.545974000000000
                  1.654239000000000
                  1.758390000000000
                  1.855877000000000
                  1.944311000000000
                  2.021629000000000
                  2.086235000000000
                  2.137079000000000
                  2.173683000000000
                  2.196118000000000
                  2.204929000000000
                   .240710400000000
                   .293552600000000
                   .365832200000000
                   .468336300000000
                   .620459200000000
                   .775597200000000
                   .856433200000000
                   .937611100000000
                  1.023645000000000
                  1.113544000000000
                  1.205956000000000
                  1.299184000000000
                  1.391263000000000
                  1.480057000000000
                  1.563403000000000
                  1.639265000000000
                  1.705872000000000
                  1.761840000000000
                  1.806241000000000
                  1.838630000000000
                  1.859028000000000
                  1.867861000000000
                   .183521900000000
                   .223889600000000
                   .279152500000000
                   .357616000000000
                   .474258900000000
                   .621662100000000
                   .699481000000000
                   .767501100000000
                   .839904600000000
                   .915914700000000
                   .994438100000000
                  1.074080000000000
                  1.153193000000000
                  1.229966000000000
                  1.302540000000000
                  1.369135000000000
                  1.428183000000000
                  1.478427000000000
                  1.518993000000000
                  1.549417000000000
                  1.569636000000000
                  1.579943000000000
                   .123310800000000
                   .150491600000000
                   .187735100000000
                   .240680500000000
                   .319532000000000
                   .443057300000000
                   .532442100000000
                   .587043100000000
                   .645680200000000
                   .707815500000000
                   .772639500000000
                   .839070400000000
                   .905786700000000
                   .971292400000000
                  1.034010000000000
                  1.092391000000000
                  1.145028000000000
                  1.190753000000000
                  1.228703000000000
                  1.258359000000000
                  1.279544000000000
                  1.292395000000000
                   .056995040000000
                   .069584380000000
                   .086849860000000
                   .111425100000000
                   .148091500000000
                   .206272800000000
                   .299177300000000
                   .341767800000000
                   .379902400000000
                   .421054500000000
                   .464805300000000
                   .510524100000000
                   .557375500000000
                   .604352800000000
                   .650338100000000
                   .694179400000000
                   .734777500000000
                   .771165200000000
                   .802572400000000
                   .828464400000000
                   .848555000000000
                   .862796400000000
                   .011506580000000
                   .014053110000000
                   .017548380000000
                   .022529210000000
                   .029973210000000
                   .041816100000000
                   .062343640000000
                   .102661000000000
                   .129255300000000
                   .147762800000000
                   .168387100000000
                   .190984500000000
                   .215262600000000
                   .240777800000000
                   .266953800000000
                   .293120200000000
                   .318567100000000
                   .342603900000000
                   .364614900000000
                   .384100900000000
                   .400704800000000
                   .414218200000000
                   .000956065100000
                   .001169683000000
                   .001464104000000
                   .001886113000000
                   .002522260000000
                   .003548041000000
                   .005367296000000
                   .009102534000000
                   .019073080000000
                   .033712350000000
                   .042353170000000
                   .053014560000000
                   .010022340000000
                   .003592510000000
                   .001830745000000
                   .001106949000000
                   .000740833200000
                   .000530344000000
                   .000398311900000
                   .000310086100000
                   .000248230300000
                   .000203193700000
                   .001430301000000
                   .001765147000000
                   .002236558000000
                   .002933392000000
                   .004034885000000
                   .005958921000000
                   .009949558000000
                   .022657910000000
                   .037273410000000
                   .046918620000000
                   .059053960000000
                   .073926720000000
                   .030065490000000
                   .013990470000000
                   .007813270000000
                   .004923879000000
                   .003368370000000
                   .002442706000000
                   .001849752000000
                   .001448061000000
                   .001163761000000
                   .000955359600000
