 ephi(??)
                797.489000000000000
                793.068900000000000
                737.154800000000000
                632.177900000000000
                532.505100000000000
                439.241300000000000
                352.165700000000000
                271.278200000000000
                197.241800000000000
                129.835500000000000
                 70.827450000000000
                 21.322520000000000
                -18.900230000000000
                -46.525750000000000
                -57.575950000000000
                -46.525750000000000
                 -4.092954000000000
                 71.932460000000000
                166.301200000000000
                245.862700000000000
                287.853500000000000
                283.433400000000000
                231.497500000000000
                148.620900000000000
                100.000000000000000
                   .000000000000000
