 Tion(24)
                337.243000000000000
                331.496600000000000
                324.651900000000000
                317.884600000000000
                311.213400000000000
                304.662400000000000
                299.314400000000000
                293.050600000000000
                286.971800000000000
                281.095600000000000
                275.452400000000000
                270.952600000000000
                265.794200000000000
                260.926300000000000
                256.393600000000000
                252.187600000000000
                248.359300000000000
                245.466000000000000
                242.369300000000000
                239.671600000000000
                237.461900000000000
                235.679900000000000
                234.651800000000000
                233.944900000000000
                233.557200000000000
                   .000000000000000
