 xmorblc(24)
                   .000000000000000
                   .000000000000000
                   .000000000000000
                   .000000000000000
                   .000000000000000
                   .000000000000000
                   .000000000000000
                   .000000000000000
                   .000000000000000
                   .000000000000000
                   .000000000000000
                   .000000000000000
                   .000000000000000
                   .000000009051531
                   .000000109049400
                   .000001476323000
                   .000016665840000
                   .000151012800000
                   .001040449000000
                   .005463134000000
                   .021022090000000
                   .056994870000000
                   .090177700000000
                  -.000150032300000
