 eorblc(24)
                   .000000000000000
                   .000000000000000
                   .000000000000000
                   .000000000000000
                   .000000000000000
                   .000000000000000
                   .000000000000000
                   .000000000000000
                   .000000000000000
                   .000000000000000
                   .000000000000000
                   .000000000000000
                   .000000000000000
                   .000000022418880
                   .000000346473600
                   .000004326843000
                   .000044228380000
                   .000360990800000
                   .002226934000000
                   .010427610000000
                   .036149120000000
                   .097107440000000
                   .275390600000000
                   .499713200000000
