                   .954545400000000                   .864000000000000                   .000000000000000
                   .954545400000000                   .869666700000000                   .000000000000000
                   .954545400000000                   .875333400000000                   .000000000000000
                   .954545400000000                   .881000000000000               2743.882000000000000
                   .954545400000000                   .886666700000000               2488.670000000000000
                   .954545400000000                   .892333400000000               2245.072000000000000
                   .954545400000000                   .898000100000000               2013.209000000000000
                   .954545400000000                   .903666700000000               1793.219000000000000
                   .954545400000000                   .909333400000000               1585.242000000000000
                   .954545400000000                   .915000100000000               1389.430000000000000
                   .954545400000000                   .920666800000000               1205.937000000000000
                   .954545400000000                   .926333400000000               1034.879000000000000
                   .954545400000000                   .932000100000000                876.374600000000000
                   .954545400000000                   .937666800000000                730.589500000000000
                   .954545400000000                   .943333400000000                597.710900000000000
                   .954545400000000                   .949000100000000                477.901100000000000
                   .954545400000000                   .954666800000000                371.332400000000000
                   .954545400000000                   .960333500000000                278.162100000000000
                   .954545400000000                   .966000100000000                198.507800000000000
                   .954545400000000                   .971666800000000                132.449800000000000
                   .954545400000000                   .977333500000000                 79.989540000000000
                   .954545400000000                   .983000200000000                 41.038330000000000
                   .954545400000000                   .988666800000000                 15.234780000000000
                   .954545400000000                   .994333500000000                  2.015697000000000
                   .863636400000000                   .864000000000000                   .000000000000000
                   .863636400000000                   .869666700000000                   .000000000000000
                   .863636400000000                   .875333400000000                   .000000000000000
                   .863636400000000                   .881000000000000               3335.653000000000000
                   .863636400000000                   .886666700000000               3026.141000000000000
                   .863636400000000                   .892333400000000               2730.601000000000000
                   .863636400000000                   .898000100000000               2449.190000000000000
                   .863636400000000                   .903666700000000               2182.090000000000000
                   .863636400000000                   .909333400000000               1929.481000000000000
                   .863636400000000                   .915000100000000               1691.558000000000000
                   .863636400000000                   .920666800000000               1468.519000000000000
                   .863636400000000                   .926333400000000               1260.518000000000000
                   .863636400000000                   .932000100000000               1067.712000000000000
                   .863636400000000                   .937666800000000                890.311500000000000
                   .863636400000000                   .943333400000000                728.557400000000000
                   .863636400000000                   .949000100000000                582.658800000000000
                   .863636400000000                   .954666800000000                452.837600000000000
                   .863636400000000                   .960333500000000                339.297400000000000
                   .863636400000000                   .966000100000000                242.193300000000000
                   .863636400000000                   .971666800000000                161.635600000000000
                   .863636400000000                   .977333500000000                 97.638110000000000
                   .863636400000000                   .983000200000000                 50.104230000000000
                   .863636400000000                   .988666800000000                 18.604490000000000
                   .863636400000000                   .994333500000000                  2.462080000000000
                   .772727300000000                   .864000000000000                   .000000000000000
                   .772727300000000                   .869666700000000                   .000000000000000
                   .772727300000000                   .875333400000000                   .000000000000000
                   .772727300000000                   .881000000000000               4139.131000000000000
                   .772727300000000                   .886666700000000               3756.305000000000000
                   .772727300000000                   .892333400000000               3390.575000000000000
                   .772727300000000                   .898000100000000               3042.153000000000000
                   .772727300000000                   .903666700000000               2711.279000000000000
                   .772727300000000                   .909333400000000               2398.196000000000000
                   .772727300000000                   .915000100000000               2103.167000000000000
                   .772727300000000                   .920666800000000               1826.456000000000000
                   .772727300000000                   .926333400000000               1568.271000000000000
                   .772727300000000                   .932000100000000               1328.826000000000000
                   .772727300000000                   .937666800000000               1108.404000000000000
                   .772727300000000                   .943333400000000                907.322300000000000
                   .772727300000000                   .949000100000000                725.861000000000000
                   .772727300000000                   .954666800000000                564.316500000000000
                   .772727300000000                   .960333500000000                422.961700000000000
                   .772727300000000                   .966000100000000                302.010700000000000
                   .772727300000000                   .971666800000000                201.621100000000000
                   .772727300000000                   .977333500000000                121.830300000000000
                   .772727300000000                   .983000200000000                 62.538210000000000
                   .772727300000000                   .988666800000000                 23.228520000000000
                   .772727300000000                   .994333500000000                  3.074942000000000
                   .681818200000000                   .864000000000000                   .000000000000000
                   .681818200000000                   .869666700000000                   .000000000000000
                   .681818200000000                   .875333400000000                   .000000000000000
                   .681818200000000                   .881000000000000               5267.001000000000000
                   .681818200000000                   .886666700000000               4782.064000000000000
                   .681818200000000                   .892333400000000               4318.451000000000000
                   .681818200000000                   .898000100000000               3876.464000000000000
                   .681818200000000                   .903666700000000               3456.439000000000000
                   .681818200000000                   .909333400000000               3058.719000000000000
                   .681818200000000                   .915000100000000               2683.668000000000000
                   .681818200000000                   .920666800000000               2331.654000000000000
                   .681818200000000                   .926333400000000               2002.978000000000000
                   .681818200000000                   .932000100000000               1697.943000000000000
                   .681818200000000                   .937666800000000               1416.945000000000000
                   .681818200000000                   .943333400000000               1160.423000000000000
                   .681818200000000                   .949000100000000                928.769200000000000
                   .681818200000000                   .954666800000000                722.397800000000000
                   .681818200000000                   .960333500000000                541.693200000000000
                   .681818200000000                   .966000100000000                386.965700000000000
                   .681818200000000                   .971666800000000                258.453600000000000
                   .681818200000000                   .977333500000000                156.241700000000000
                   .681818200000000                   .983000200000000                 80.237780000000000
                   .681818200000000                   .988666800000000                 29.815610000000000
                   .681818200000000                   .994333500000000                  3.948626000000000
                   .590909100000000                   .864000000000000                   .000000000000000
                   .590909100000000                   .869666700000000                   .000000000000000
                   .590909100000000                   .875333400000000                   .000000000000000
                   .590909100000000                   .881000000000000               6916.479000000000000
                   .590909100000000                   .886666700000000               6283.863000000000000
                   .590909100000000                   .892333400000000               5678.447000000000000
                   .590909100000000                   .898000100000000               5100.680000000000000
                   .590909100000000                   .903666700000000               4551.060000000000000
                   .590909100000000                   .909333400000000               4030.091000000000000
                   .590909100000000                   .915000100000000               3538.312000000000000
                   .590909100000000                   .920666800000000               3076.266000000000000
                   .590909100000000                   .926333400000000               2644.410000000000000
                   .590909100000000                   .932000100000000               2243.206000000000000
                   .590909100000000                   .937666800000000               1873.238000000000000
                   .590909100000000                   .943333400000000               1535.148000000000000
                   .590909100000000                   .949000100000000               1229.521000000000000
                   .590909100000000                   .954666800000000                956.971000000000000
                   .590909100000000                   .960333500000000                718.074800000000000
                   .590909100000000                   .966000100000000                513.312600000000000
                   .590909100000000                   .971666800000000                343.070700000000000
                   .590909100000000                   .977333500000000                207.533100000000000
                   .590909100000000                   .983000200000000                106.648600000000000
                   .590909100000000                   .988666800000000                 39.655340000000000
                   .590909100000000                   .994333500000000                  5.255119000000000
                   .500000000000000                   .864000000000000                   .000000000000000
                   .500000000000000                   .869666700000000                   .000000000000000
                   .500000000000000                   .875333400000000                   .000000000000000
                   .500000000000000                   .881000000000000               9455.960000000000000
                   .500000000000000                   .886666700000000               8599.773000000000000
                   .500000000000000                   .892333400000000               7779.134000000000000
                   .500000000000000                   .898000100000000               6994.759000000000000
                   .500000000000000                   .903666700000000               6247.439000000000000
                   .500000000000000                   .909333400000000               5537.974000000000000
                   .500000000000000                   .915000100000000               4867.214000000000000
                   .500000000000000                   .920666800000000               4236.023000000000000
                   .500000000000000                   .926333400000000               3645.147000000000000
                   .500000000000000                   .932000100000000               3095.345000000000000
                   .500000000000000                   .937666800000000               2587.547000000000000
                   .500000000000000                   .943333400000000               2122.768000000000000
                   .500000000000000                   .949000100000000               1701.950000000000000
                   .500000000000000                   .954666800000000               1326.078000000000000
                   .500000000000000                   .960333500000000                996.093300000000000
                   .500000000000000                   .966000100000000                712.807400000000000
                   .500000000000000                   .971666800000000                476.906200000000000
                   .500000000000000                   .977333500000000                288.797400000000000
                   .500000000000000                   .983000200000000                148.564000000000000
                   .500000000000000                   .988666800000000                 55.297590000000000
                   .500000000000000                   .994333500000000                  7.335511000000000
                   .409090900000000                   .864000000000000                   .000000000000000
                   .409090900000000                   .869666700000000                   .000000000000000
                   .409090900000000                   .875333400000000                   .000000000000000
                   .409090900000000                   .881000000000000              12709.710000000000000
                   .409090900000000                   .886666700000000              11569.510000000000000
                   .409090900000000                   .892333400000000              10477.070000000000000
                   .409090900000000                   .898000100000000               9433.252000000000000
                   .409090900000000                   .903666700000000               8438.932000000000000
                   .409090900000000                   .909333400000000               7495.016000000000000
                   .409090900000000                   .915000100000000               6602.441000000000000
                   .409090900000000                   .920666800000000               5762.147000000000000
                   .409090900000000                   .926333400000000               4975.005000000000000
                   .409090900000000                   .932000100000000               4241.887000000000000
                   .409090900000000                   .937666800000000               3563.782000000000000
                   .409090900000000                   .943333400000000               2941.743000000000000
                   .409090900000000                   .949000100000000               2376.769000000000000
                   .409090900000000                   .954666800000000               1869.894000000000000
                   .409090900000000                   .960333500000000               1422.130000000000000
                   .409090900000000                   .966000100000000               1034.409000000000000
                   .409090900000000                   .971666800000000                706.642200000000000
                   .409090900000000                   .977333500000000                428.687200000000000
                   .409090900000000                   .983000200000000                220.921000000000000
                   .409090900000000                   .988666800000000                 82.375720000000000
                   .409090900000000                   .994333500000000                 10.946890000000000
                   .318181800000000                   .864000000000000                   .000000000000000
                   .318181800000000                   .869666700000000                   .000000000000000
                   .318181800000000                   .875333400000000                   .000000000000000
                   .318181800000000                   .881000000000000              14221.120000000000000
                   .318181800000000                   .886666700000000              12937.470000000000000
                   .318181800000000                   .892333400000000              11708.820000000000000
                   .318181800000000                   .898000100000000              10536.030000000000000
                   .318181800000000                   .903666700000000               9419.963000000000000
                   .318181800000000                   .909333400000000               8361.512000000000000
                   .318181800000000                   .915000100000000               7361.603000000000000
                   .318181800000000                   .920666800000000               6421.167000000000000
                   .318181800000000                   .926333400000000               5541.053000000000000
                   .318181800000000                   .932000100000000               4722.116000000000000
                   .318181800000000                   .937666800000000               3965.331000000000000
                   .318181800000000                   .943333400000000               3271.736000000000000
                   .318181800000000                   .949000100000000               2642.316000000000000
                   .318181800000000                   .954666800000000               2078.087000000000000
                   .318181800000000                   .960333500000000               1580.041000000000000
                   .318181800000000                   .966000100000000               1149.084000000000000
                   .318181800000000                   .971666800000000                786.054900000000000
                   .318181800000000                   .977333500000000                491.608600000000000
                   .318181800000000                   .983000200000000                266.212600000000000
                   .318181800000000                   .988666800000000                109.633400000000000
                   .318181800000000                   .994333500000000                 18.059760000000000
                   .227272700000000                   .864000000000000                   .000000000000000
                   .227272700000000                   .869666700000000                   .000000000000000
                   .227272700000000                   .875333400000000                   .000000000000000
                   .227272700000000                   .881000000000000              15875.700000000000000
                   .227272700000000                   .886666700000000              14433.730000000000000
                   .227272700000000                   .892333400000000              13054.960000000000000
                   .227272700000000                   .898000100000000              11740.220000000000000
                   .227272700000000                   .903666700000000              10490.330000000000000
                   .227272700000000                   .909333400000000               9306.156000000000000
                   .227272700000000                   .915000100000000               8188.589000000000000
                   .227272700000000                   .920666800000000               7138.522000000000000
                   .227272700000000                   .926333400000000               6156.763000000000000
                   .227272700000000                   .932000100000000               5244.121000000000000
                   .227272700000000                   .937666800000000               4401.532000000000000
                   .227272700000000                   .943333400000000               3630.000000000000000
                   .227272700000000                   .949000100000000               2930.468000000000000
                   .227272700000000                   .954666800000000               2303.913000000000000
                   .227272700000000                   .960333500000000               1751.283000000000000
                   .227272700000000                   .966000100000000               1273.430000000000000
                   .227272700000000                   .971666800000000                871.139000000000000
                   .227272700000000                   .977333500000000                544.992600000000000
                   .227272700000000                   .983000200000000                295.375200000000000
                   .227272700000000                   .988666800000000                121.922800000000000
                   .227272700000000                   .994333500000000                 23.606330000000000
                   .136363600000000                   .864000000000000                   .000000000000000
                   .136363600000000                   .869666700000000                   .000000000000000
                   .136363600000000                   .875333400000000                   .000000000000000
                   .136363600000000                   .881000000000000              17660.160000000000000
                   .136363600000000                   .886666700000000              16046.110000000000000
                   .136363600000000                   .892333400000000              14504.400000000000000
                   .136363600000000                   .898000100000000              13035.780000000000000
                   .136363600000000                   .903666700000000              11641.030000000000000
                   .136363600000000                   .909333400000000              10320.930000000000000
                   .136363600000000                   .915000100000000               9076.313000000000000
                   .136363600000000                   .920666800000000               7908.018000000000000
                   .136363600000000                   .926333400000000               6816.777000000000000
                   .136363600000000                   .932000100000000               5803.329000000000000
                   .136363600000000                   .937666800000000               4868.546000000000000
                   .136363600000000                   .943333400000000               4013.371000000000000
                   .136363600000000                   .949000100000000               3238.677000000000000
                   .136363600000000                   .954666800000000               2545.377000000000000
                   .136363600000000                   .960333500000000               1934.346000000000000
                   .136363600000000                   .966000100000000               1406.361000000000000
                   .136363600000000                   .971666800000000                962.124900000000000
                   .136363600000000                   .977333500000000                602.125500000000000
                   .136363600000000                   .983000200000000                326.640000000000000
                   .136363600000000                   .988666800000000                135.152800000000000
                   .136363600000000                   .994333500000000                 26.438170000000000
                   .045454550000000                   .864000000000000                   .000000000000000
                   .045454550000000                   .869666700000000                   .000000000000000
                   .045454550000000                   .875333400000000                   .000000000000000
                   .045454550000000                   .881000000000000              19550.570000000000000
                   .045454550000000                   .886666700000000              17752.950000000000000
                   .045454550000000                   .892333400000000              16037.610000000000000
                   .045454550000000                   .898000100000000              14405.220000000000000
                   .045454550000000                   .903666700000000              12856.470000000000000
                   .045454550000000                   .909333400000000              11392.050000000000000
                   .045454550000000                   .915000100000000              10012.710000000000000
                   .045454550000000                   .920666800000000               8719.182000000000000
                   .045454550000000                   .926333400000000               7512.106000000000000
                   .045454550000000                   .932000100000000               6392.126000000000000
                   .045454550000000                   .937666800000000               5360.020000000000000
                   .045454550000000                   .943333400000000               4416.639000000000000
                   .045454550000000                   .949000100000000               3562.764000000000000
                   .045454550000000                   .954666800000000               2799.214000000000000
                   .045454550000000                   .960333500000000               2126.769000000000000
                   .045454550000000                   .966000100000000               1546.103000000000000
                   .045454550000000                   .971666800000000               1057.812000000000000
                   .045454550000000                   .977333500000000                662.266200000000000
                   .045454550000000                   .983000200000000                359.613400000000000
                   .045454550000000                   .988666800000000                149.167000000000000
                   .045454550000000                   .994333500000000                 29.489200000000000
                  -.045454550000000                   .864000000000000                   .000000000000000
                  -.045454550000000                   .869666700000000                   .000000000000000
                  -.045454550000000                   .875333400000000                   .000000000000000
                  -.045454550000000                   .881000000000000              21511.780000000000000
                  -.045454550000000                   .886666700000000              19522.520000000000000
                  -.045454550000000                   .892333400000000              17626.140000000000000
                  -.045454550000000                   .898000100000000              15823.170000000000000
                  -.045454550000000                   .903666700000000              14114.190000000000000
                  -.045454550000000                   .909333400000000              12499.770000000000000
                  -.045454550000000                   .915000100000000              10980.540000000000000
                  -.045454550000000                   .920666800000000               9557.114000000000000
                  -.045454550000000                   .926333400000000               8230.015000000000000
                  -.045454550000000                   .932000100000000               6999.756000000000000
                  -.045454550000000                   .937666800000000               5867.001000000000000
                  -.045454550000000                   .943333400000000               4832.486000000000000
                  -.045454550000000                   .949000100000000               3896.874000000000000
                  -.045454550000000                   .954666800000000               3060.862000000000000
                  -.045454550000000                   .960333500000000               2325.114000000000000
                  -.045454550000000                   .966000100000000               1690.178000000000000
                  -.045454550000000                   .971666800000000               1156.520000000000000
                  -.045454550000000                   .977333500000000                724.372100000000000
                  -.045454550000000                   .983000200000000                393.734700000000000
                  -.045454550000000                   .988666800000000                163.736300000000000
                  -.045454550000000                   .994333500000000                 32.716800000000000
                  -.136363600000000                   .864000000000000                   .000000000000000
                  -.136363600000000                   .869666700000000                   .000000000000000
                  -.136363600000000                   .875333400000000                   .000000000000000
                  -.136363600000000                   .881000000000000              23498.290000000000000
                  -.136363600000000                   .886666700000000              21313.940000000000000
                  -.136363600000000                   .892333400000000              19233.420000000000000
                  -.136363600000000                   .898000100000000              17257.110000000000000
                  -.136363600000000                   .903666700000000              15385.450000000000000
                  -.136363600000000                   .909333400000000              13618.870000000000000
                  -.136363600000000                   .915000100000000              11957.860000000000000
                  -.136363600000000                   .920666800000000              10402.910000000000000
                  -.136363600000000                   .926333400000000               8954.368000000000000
                  -.136363600000000                   .932000100000000               7612.627000000000000
                  -.136363600000000                   .937666800000000               6378.205000000000000
                  -.136363600000000                   .943333400000000               5251.702000000000000
                  -.136363600000000                   .949000100000000               4233.644000000000000
                  -.136363600000000                   .954666800000000               3324.590000000000000
                  -.136363600000000                   .960333500000000               2525.063000000000000
                  -.136363600000000                   .966000100000000               1835.470000000000000
                  -.136363600000000                   .971666800000000               1256.131000000000000
                  -.136363600000000                   .977333500000000                787.124500000000000
                  -.136363600000000                   .983000200000000                428.289700000000000
                  -.136363600000000                   .988666800000000                178.563100000000000
                  -.136363600000000                   .994333500000000                 36.060570000000000
                  -.227272700000000                   .864000000000000                   .000000000000000
                  -.227272700000000                   .869666700000000                   .000000000000000
                  -.227272700000000                   .875333400000000                   .000000000000000
                  -.227272700000000                   .881000000000000              25456.770000000000000
                  -.227272700000000                   .886666700000000              23079.370000000000000
                  -.227272700000000                   .892333400000000              20816.740000000000000
                  -.227272700000000                   .898000100000000              18669.140000000000000
                  -.227272700000000                   .903666700000000              16636.820000000000000
                  -.227272700000000                   .909333400000000              14720.080000000000000
                  -.227272700000000                   .915000100000000              12919.250000000000000
                  -.227272700000000                   .920666800000000              11234.660000000000000
                  -.227272700000000                   .926333400000000               9666.521000000000000
                  -.227272700000000                   .932000100000000               8215.048000000000000
                  -.227272700000000                   .937666800000000               6880.616000000000000
                  -.227272700000000                   .943333400000000               5663.675000000000000
                  -.227272700000000                   .949000100000000               4564.600000000000000
                  -.227272700000000                   .954666800000000               3583.799000000000000
                  -.227272700000000                   .960333500000000               2721.646000000000000
                  -.227272700000000                   .966000100000000               1978.392000000000000
                  -.227272700000000                   .971666800000000               1354.204000000000000
                  -.227272700000000                   .977333500000000                848.998200000000000
                  -.227272700000000                   .983000200000000                462.446600000000000
                  -.227272700000000                   .988666800000000                193.295600000000000
                  -.227272700000000                   .994333500000000                 39.444550000000000
                  -.318181800000000                   .864000000000000                   .000000000000000
                  -.318181800000000                   .869666700000000                   .000000000000000
                  -.318181800000000                   .875333400000000                   .000000000000000
                  -.318181800000000                   .881000000000000              27330.060000000000000
                  -.318181800000000                   .886666700000000              24767.560000000000000
                  -.318181800000000                   .892333400000000              22330.420000000000000
                  -.318181800000000                   .898000100000000              20018.750000000000000
                  -.318181800000000                   .903666700000000              17832.630000000000000
                  -.318181800000000                   .909333400000000              15772.200000000000000
                  -.318181800000000                   .915000100000000              13837.630000000000000
                  -.318181800000000                   .920666800000000              12029.100000000000000
                  -.318181800000000                   .926333400000000              10346.650000000000000
                  -.318181800000000                   .932000100000000               8790.353000000000000
                  -.318181800000000                   .937666800000000               7360.418000000000000
                  -.318181800000000                   .943333400000000               6057.144000000000000
                  -.318181800000000                   .949000100000000               4880.750000000000000
                  -.318181800000000                   .954666800000000               3831.491000000000000
                  -.318181800000000                   .960333500000000               2909.587000000000000
                  -.318181800000000                   .966000100000000               2115.133000000000000
                  -.318181800000000                   .971666800000000               1448.140000000000000
                  -.318181800000000                   .977333500000000                908.363000000000000
                  -.318181800000000                   .983000200000000                495.311500000000000
                  -.318181800000000                   .988666800000000                207.551100000000000
                  -.318181800000000                   .994333500000000                 42.781970000000000
                  -.409090900000000                   .864000000000000                   .000000000000000
                  -.409090900000000                   .869666700000000                   .000000000000000
                  -.409090900000000                   .875333400000000                   .000000000000000
                  -.409090900000000                   .881000000000000              29062.050000000000000
                  -.409090900000000                   .886666700000000              26328.280000000000000
                  -.409090900000000                   .892333400000000              23729.700000000000000
                  -.409090900000000                   .898000100000000              21266.270000000000000
                  -.409090900000000                   .903666700000000              18937.930000000000000
                  -.409090900000000                   .909333400000000              16744.660000000000000
                  -.409090900000000                   .915000100000000              14686.480000000000000
                  -.409090900000000                   .920666800000000              12763.420000000000000
                  -.409090900000000                   .926333400000000              10975.370000000000000
                  -.409090900000000                   .932000100000000               9322.238000000000000
                  -.409090900000000                   .937666800000000               7804.098000000000000
                  -.409090900000000                   .943333400000000               6421.094000000000000
                  -.409090900000000                   .949000100000000               5173.296000000000000
                  -.409090900000000                   .954666800000000               4060.814000000000000
                  -.409090900000000                   .960333500000000               3083.717000000000000
                  -.409090900000000                   .966000100000000               2241.951000000000000
                  -.409090900000000                   .971666800000000               1535.381000000000000
                  -.409090900000000                   .977333500000000                963.610800000000000
                  -.409090900000000                   .983000200000000                525.996900000000000
                  -.409090900000000                   .988666800000000                220.944700000000000
                  -.409090900000000                   .994333500000000                 45.981740000000000
                  -.500000000000000                   .864000000000000                   .000000000000000
                  -.500000000000000                   .869666700000000                   .000000000000000
                  -.500000000000000                   .875333400000000                   .000000000000000
                  -.500000000000000                   .881000000000000              30602.570000000000000
                  -.500000000000000                   .886666700000000              27716.590000000000000
                  -.500000000000000                   .892333400000000              24974.530000000000000
                  -.500000000000000                   .898000100000000              22376.230000000000000
                  -.500000000000000                   .903666700000000              19921.500000000000000
                  -.500000000000000                   .909333400000000              17610.160000000000000
                  -.500000000000000                   .915000100000000              15442.120000000000000
                  -.500000000000000                   .920666800000000              13417.260000000000000
                  -.500000000000000                   .926333400000000              11535.340000000000000
                  -.500000000000000                   .932000100000000               9796.127000000000000
                  -.500000000000000                   .937666800000000               8199.565000000000000
                  -.500000000000000                   .943333400000000               6745.663000000000000
                  -.500000000000000                   .949000100000000               5434.355000000000000
                  -.500000000000000                   .954666800000000               4265.618000000000000
                  -.500000000000000                   .960333500000000               3239.388000000000000
                  -.500000000000000                   .966000100000000               2355.477000000000000
                  -.500000000000000                   .971666800000000               1613.618000000000000
                  -.500000000000000                   .977333500000000               1013.281000000000000
                  -.500000000000000                   .983000200000000                553.691800000000000
                  -.500000000000000                   .988666800000000                233.120400000000000
                  -.500000000000000                   .994333500000000                 48.955940000000000
                  -.590909100000000                   .864000000000000                   .000000000000000
                  -.590909100000000                   .869666700000000                   .000000000000000
                  -.590909100000000                   .875333400000000                   .000000000000000
                  -.590909100000000                   .881000000000000              31911.550000000000000
                  -.590909100000000                   .886666700000000              28896.580000000000000
                  -.590909100000000                   .892333400000000              26032.900000000000000
                  -.590909100000000                   .898000100000000              23320.250000000000000
                  -.590909100000000                   .903666700000000              20758.310000000000000
                  -.590909100000000                   .909333400000000              18346.820000000000000
                  -.590909100000000                   .915000100000000              16085.550000000000000
                  -.590909100000000                   .920666800000000              13974.260000000000000
                  -.590909100000000                   .926333400000000              12012.620000000000000
                  -.590909100000000                   .932000100000000              10200.290000000000000
                  -.590909100000000                   .937666800000000               8537.077000000000000
                  -.590909100000000                   .943333400000000               7022.892000000000000
                  -.590909100000000                   .949000100000000               5657.553000000000000
                  -.590909100000000                   .954666800000000               4440.923000000000000
                  -.590909100000000                   .960333500000000               3372.827000000000000
                  -.590909100000000                   .966000100000000               2452.966000000000000
                  -.590909100000000                   .971666800000000               1680.960000000000000
                  -.590909100000000                   .977333500000000               1056.174000000000000
                  -.590909100000000                   .983000200000000                577.723500000000000
                  -.590909100000000                   .988666800000000                243.778200000000000
                  -.590909100000000                   .994333500000000                 51.626920000000000
                  -.681818200000000                   .864000000000000                   .000000000000000
                  -.681818200000000                   .869666700000000                   .000000000000000
                  -.681818200000000                   .875333400000000                   .000000000000000
                  -.681818200000000                   .881000000000000              32961.640000000000000
                  -.681818200000000                   .886666700000000              29843.710000000000000
                  -.681818200000000                   .892333400000000              26882.900000000000000
                  -.681818200000000                   .898000100000000              24078.870000000000000
                  -.681818200000000                   .903666700000000              21431.210000000000000
                  -.681818200000000                   .909333400000000              18939.580000000000000
                  -.681818200000000                   .915000100000000              16603.660000000000000
                  -.681818200000000                   .920666800000000              14423.140000000000000
                  -.681818200000000                   .926333400000000              12397.590000000000000
                  -.681818200000000                   .932000100000000              10526.590000000000000
                  -.681818200000000                   .937666800000000               8809.867000000000000
                  -.681818200000000                   .943333400000000               7247.238000000000000
                  -.681818200000000                   .949000100000000               5838.435000000000000
                  -.681818200000000                   .954666800000000               4583.236000000000000
                  -.681818200000000                   .960333500000000               3481.375000000000000
                  -.681818200000000                   .966000100000000               2532.471000000000000
                  -.681818200000000                   .971666800000000               1736.060000000000000
                  -.681818200000000                   .977333500000000               1091.423000000000000
                  -.681818200000000                   .983000200000000                597.600500000000000
                  -.681818200000000                   .988666800000000                252.693500000000000
                  -.681818200000000                   .994333500000000                 53.932870000000000
                  -.772727300000000                   .864000000000000                   .000000000000000
                  -.772727300000000                   .869666700000000                   .000000000000000
                  -.772727300000000                   .875333400000000                   .000000000000000
                  -.772727300000000                   .881000000000000              33739.160000000000000
                  -.772727300000000                   .886666700000000              30545.670000000000000
                  -.772727300000000                   .892333400000000              27513.500000000000000
                  -.772727300000000                   .898000100000000              24642.260000000000000
                  -.772727300000000                   .903666700000000              21931.480000000000000
                  -.772727300000000                   .909333400000000              19380.770000000000000
                  -.772727300000000                   .915000100000000              16989.760000000000000
                  -.772727300000000                   .920666800000000              14758.080000000000000
                  -.772727300000000                   .926333400000000              12685.250000000000000
                  -.772727300000000                   .932000100000000              10770.800000000000000
                  -.772727300000000                   .937666800000000               9014.385000000000000
                  -.772727300000000                   .943333400000000               7415.770000000000000
                  -.772727300000000                   .949000100000000               5974.629000000000000
                  -.772727300000000                   .954666800000000               4690.676000000000000
                  -.772727300000000                   .960333500000000               3563.587000000000000
                  -.772727300000000                   .966000100000000               2592.922000000000000
                  -.772727300000000                   .971666800000000               1778.161000000000000
                  -.772727300000000                   .977333500000000               1118.535000000000000
                  -.772727300000000                   .983000200000000                613.033400000000000
                  -.772727300000000                   .988666800000000                259.728100000000000
                  -.772727300000000                   .994333500000000                 55.831220000000000
                  -.863636400000000                   .864000000000000                   .000000000000000
                  -.863636400000000                   .869666700000000                   .000000000000000
                  -.863636400000000                   .875333400000000                   .000000000000000
                  -.863636400000000                   .881000000000000              34243.560000000000000
                  -.863636400000000                   .886666700000000              31001.870000000000000
                  -.863636400000000                   .892333400000000              27924.090000000000000
                  -.863636400000000                   .898000100000000              25009.790000000000000
                  -.863636400000000                   .903666700000000              22258.500000000000000
                  -.863636400000000                   .909333400000000              19669.790000000000000
                  -.863636400000000                   .915000100000000              17243.270000000000000
                  -.863636400000000                   .920666800000000              14978.540000000000000
                  -.863636400000000                   .926333400000000              12875.090000000000000
                  -.863636400000000                   .932000100000000              10932.430000000000000
                  -.863636400000000                   .937666800000000               9150.191000000000000
                  -.863636400000000                   .943333400000000               7528.093000000000000
                  -.863636400000000                   .949000100000000               6065.780000000000000
                  -.863636400000000                   .954666800000000               4762.934000000000000
                  -.863636400000000                   .960333500000000               3619.198000000000000
                  -.863636400000000                   .966000100000000               2634.099000000000000
                  -.863636400000000                   .971666800000000               1807.091000000000000
                  -.863636400000000                   .977333500000000               1137.379000000000000
                  -.863636400000000                   .983000200000000                623.934000000000000
                  -.863636400000000                   .988666800000000                264.830100000000000
                  -.863636400000000                   .994333500000000                 57.299700000000000
                  -.954545400000000                   .864000000000000                   .000000000000000
                  -.954545400000000                   .869666700000000                   .000000000000000
                  -.954545400000000                   .875333400000000                   .000000000000000
                  -.954545400000000                   .881000000000000              34485.480000000000000
                  -.954545400000000                   .886666700000000              31221.770000000000000
                  -.954545400000000                   .892333400000000              28123.020000000000000
                  -.954545400000000                   .898000100000000              25188.810000000000000
                  -.954545400000000                   .903666700000000              22418.670000000000000
                  -.954545400000000                   .909333400000000              19812.170000000000000
                  -.954545400000000                   .915000100000000              17368.930000000000000
                  -.954545400000000                   .920666800000000              15088.540000000000000
                  -.954545400000000                   .926333400000000              12970.500000000000000
                  -.954545400000000                   .932000100000000              11014.290000000000000
                  -.954545400000000                   .937666800000000               9219.564000000000000
                  -.954545400000000                   .943333400000000               7586.024000000000000
                  -.954545400000000                   .949000100000000               6113.307000000000000
                  -.954545400000000                   .954666800000000               4801.083000000000000
                  -.954545400000000                   .960333500000000               3648.988000000000000
                  -.954545400000000                   .966000100000000               2656.542000000000000
                  -.954545400000000                   .971666800000000               1823.195000000000000
                  -.954545400000000                   .977333500000000               1148.152000000000000
                  -.954545400000000                   .983000200000000                630.394300000000000
                  -.954545400000000                   .988666800000000                268.026600000000000
                  -.954545400000000                   .994333500000000                 58.335200000000000
