 vintrin(24)
                   .066449350000000
                   .584317600000000
                  1.120876000000000
                  2.212349000000000
                  4.177083000000000
                  8.078856000000000
                 15.427120000000000
                 29.039640000000000
                 55.290800000000000
                100.538500000000000
                183.515100000000000
                326.746700000000000
                566.381700000000000
                953.604600000000000
               1555.622000000000000
               2483.886000000000000
               3771.367000000000000
               5566.037000000000000
               7862.600000000000000
              10427.630000000000000
              12043.390000000000000
               9894.486000000000000
               3976.544000000000000
                281.858900000000000
                   .000000000000000
                   .000000000000000
