 minEtta(22,24)
                 13.790400000000000
                 16.963380000000000
                 21.000000000000000
                 21.000000000000000
                 21.000000000000000
                 21.000000000000000
                 21.000000000000000
                 21.000000000000000
                 21.000000000000000
                 21.000000000000000
                 21.000000000000000
                 21.000000000000000
                 21.000000000000000
                 21.000000000000000
                 21.000000000000000
                 21.000000000000000
                 21.000000000000000
                 21.000000000000000
                 21.000000000000000
                 21.000000000000000
                 21.000000000000000
                 21.000000000000000
                 11.458660000000000
                 13.923110000000000
                 17.265410000000000
                 21.000000000000000
                 21.000000000000000
                 21.000000000000000
                 21.000000000000000
                 21.000000000000000
                 21.000000000000000
                 21.000000000000000
                 21.000000000000000
                 21.000000000000000
                 21.000000000000000
                 21.000000000000000
                 21.000000000000000
                 21.000000000000000
                 21.000000000000000
                 21.000000000000000
                 21.000000000000000
                 21.000000000000000
                 21.000000000000000
                 21.000000000000000
                 10.752090000000000
                 13.067780000000000
                 16.210120000000000
                 20.617710000000000
                 21.000000000000000
                 21.000000000000000
                 21.000000000000000
                 21.000000000000000
                 21.000000000000000
                 21.000000000000000
                 21.000000000000000
                 21.000000000000000
                 21.000000000000000
                 21.000000000000000
                 21.000000000000000
                 21.000000000000000
                 21.000000000000000
                 21.000000000000000
                 21.000000000000000
                 21.000000000000000
                 21.000000000000000
                 21.000000000000000
                 10.014170000000000
                 12.173920000000000
                 15.106320000000000
                 19.222630000000000
                 21.000000000000000
                 21.000000000000000
                 21.000000000000000
                 21.000000000000000
                 21.000000000000000
                 21.000000000000000
                 21.000000000000000
                 21.000000000000000
                 21.000000000000000
                 21.000000000000000
                 21.000000000000000
                 21.000000000000000
                 21.000000000000000
                 21.000000000000000
                 21.000000000000000
                 21.000000000000000
                 21.000000000000000
                 21.000000000000000
                  9.320860000000000
                 11.333860000000000
                 14.068560000000000
                 17.910350000000000
                 21.000000000000000
                 21.000000000000000
                 21.000000000000000
                 21.000000000000000
                 21.000000000000000
                 21.000000000000000
                 21.000000000000000
                 21.000000000000000
                 21.000000000000000
                 21.000000000000000
                 21.000000000000000
                 21.000000000000000
                 21.000000000000000
                 21.000000000000000
                 21.000000000000000
                 21.000000000000000
                 21.000000000000000
                 21.000000000000000
                  8.601809000000000
                 10.462070000000000
                 12.990710000000000
                 16.545790000000000
                 21.000000000000000
                 21.000000000000000
                 21.000000000000000
                 21.000000000000000
                 21.000000000000000
                 21.000000000000000
                 21.000000000000000
                 21.000000000000000
                 21.000000000000000
                 21.000000000000000
                 21.000000000000000
                 21.000000000000000
                 21.000000000000000
                 21.000000000000000
                 21.000000000000000
                 21.000000000000000
                 21.000000000000000
                 21.000000000000000
                  7.894937000000000
                  9.604669000000000
                 11.930010000000000
                 15.201820000000000
                 20.002670000000000
                 21.000000000000000
                 21.000000000000000
                 21.000000000000000
                 21.000000000000000
                 21.000000000000000
                 21.000000000000000
                 21.000000000000000
                 21.000000000000000
                 21.000000000000000
                 21.000000000000000
                 21.000000000000000
                 21.000000000000000
                 21.000000000000000
                 21.000000000000000
                 21.000000000000000
                 21.000000000000000
                 21.000000000000000
                  7.201682000000000
                  8.763414000000000
                 10.888670000000000
                 13.881280000000000
                 18.277350000000000
                 21.000000000000000
                 21.000000000000000
                 21.000000000000000
                 21.000000000000000
                 21.000000000000000
                 21.000000000000000
                 21.000000000000000
                 21.000000000000000
                 21.000000000000000
                 21.000000000000000
                 21.000000000000000
                 21.000000000000000
                 21.000000000000000
                 21.000000000000000
                 21.000000000000000
                 21.000000000000000
                 21.000000000000000
                  6.496894000000000
                  7.907707000000000
                  9.828672000000000
                 12.535740000000000
                 16.516770000000000
                 21.000000000000000
                 21.000000000000000
                 21.000000000000000
                 21.000000000000000
                 21.000000000000000
                 21.000000000000000
                 21.000000000000000
                 21.000000000000000
                 21.000000000000000
                 21.000000000000000
                 21.000000000000000
                 21.000000000000000
                 21.000000000000000
                 21.000000000000000
                 21.000000000000000
                 21.000000000000000
                 21.000000000000000
                  5.837943000000000
                  7.107386000000000
                  8.836838000000000
                 11.275920000000000
                 14.866860000000000
                 19.503440000000000
                 21.000000000000000
                 21.000000000000000
                 21.000000000000000
                 21.000000000000000
                 21.000000000000000
                 21.000000000000000
                 21.000000000000000
                 21.000000000000000
                 21.000000000000000
                 21.000000000000000
                 21.000000000000000
                 21.000000000000000
                 21.000000000000000
                 21.000000000000000
                 21.000000000000000
                 21.000000000000000
                  5.175695000000000
                  6.302656000000000
                  7.838865000000000
                 10.007100000000000
                 13.202860000000000
                 17.358360000000000
                 19.628150000000000
                 21.000000000000000
                 21.000000000000000
                 21.000000000000000
                 21.000000000000000
                 21.000000000000000
                 21.000000000000000
                 21.000000000000000
                 21.000000000000000
                 21.000000000000000
                 21.000000000000000
                 21.000000000000000
                 21.000000000000000
                 21.000000000000000
                 21.000000000000000
                 21.000000000000000
                  4.538943000000000
                  5.528590000000000
                  6.878383000000000
                  8.784992000000000
                 11.598290000000000
                 15.286430000000000
                 17.304020000000000
                 19.052560000000000
                 20.923380000000000
                 21.000000000000000
                 21.000000000000000
                 21.000000000000000
                 21.000000000000000
                 21.000000000000000
                 21.000000000000000
                 21.000000000000000
                 21.000000000000000
                 21.000000000000000
                 21.000000000000000
                 21.000000000000000
                 21.000000000000000
                 21.000000000000000
                  3.929931000000000
                  4.787946000000000
                  5.958861000000000
                  7.614095000000000
                 10.059220000000000
                 13.295460000000000
                 15.069970000000000
                 16.586030000000000
                 18.207310000000000
                 19.917100000000000
                 21.000000000000000
                 21.000000000000000
                 21.000000000000000
                 21.000000000000000
                 21.000000000000000
                 21.000000000000000
                 21.000000000000000
                 21.000000000000000
                 21.000000000000000
                 21.000000000000000
                 21.000000000000000
                 21.000000000000000
                  3.351328000000000
                  4.083998000000000
                  5.084421000000000
                  6.499749000000000
                  8.592834000000000
                 11.394580000000000
                 12.935930000000000
                 14.231970000000000
                 15.617310000000000
                 17.077720000000000
                 18.592570000000000
                 20.135050000000000
                 21.000000000000000
                 21.000000000000000
                 21.000000000000000
                 21.000000000000000
                 21.000000000000000
                 21.000000000000000
                 21.000000000000000
                 21.000000000000000
                 21.000000000000000
                 21.000000000000000
                  2.806154000000000
                  3.420457000000000
                  4.259729000000000
                  5.447996000000000
                  7.207269000000000
                  9.594019000000000
                 10.913010000000000
                 12.002330000000000
                 13.166270000000000
                 14.392860000000000
                 15.664870000000000
                 16.959870000000000
                 18.251080000000000
                 19.508720000000000
                 20.701940000000000
                 21.000000000000000
                 21.000000000000000
                 21.000000000000000
                 21.000000000000000
                 21.000000000000000
                 21.000000000000000
                 21.000000000000000
                  2.286608000000000
                  2.787841000000000
                  3.473019000000000
                  4.443872000000000
                  5.882878000000000
                  7.866943000000000
                  8.970057000000000
                  9.862597000000000
                 10.815990000000000
                 11.820480000000000
                 12.861990000000000
                 13.922280000000000
                 14.979530000000000
                 16.009520000000000
                 16.987130000000000
                 17.888160000000000
                 18.691060000000000
                 19.378380000000000
                 19.937770000000000
                 20.362420000000000
                 20.650950000000000
                 20.806870000000000
                  1.820257000000000
                  2.219792000000000
                  2.766257000000000
                  3.541166000000000
                  4.691034000000000
                  6.307950000000000
                  7.214194000000000
                  7.930258000000000
                  8.695004000000000
                  9.500647000000000
                 10.335970000000000
                 11.186410000000000
                 12.034600000000000
                 12.861220000000000
                 13.646230000000000
                 14.370310000000000
                 15.016220000000000
                 15.569950000000000
                 16.021570000000000
                 16.365530000000000
                 16.600620000000000
                 16.729490000000000
                  1.390810000000000
                  1.696487000000000
                  2.114809000000000
                  2.708466000000000
                  3.590374000000000
                  4.861007000000000
                  5.580812000000000
                  6.133927000000000
                  6.724637000000000
                  7.346970000000000
                  7.992323000000000
                  8.649540000000000
                  9.305277000000000
                  9.944695000000000
                 10.552390000000000
                 11.113490000000000
                 11.614680000000000
                 12.045120000000000
                 12.397090000000000
                 12.666200000000000
                 12.851410000000000
                 12.954660000000000
                  1.012795000000000
                  1.235680000000000
                  1.540871000000000
                  1.974315000000000
                  2.618942000000000
                  3.576646000000000
                  4.127014000000000
                  4.536009000000000
                  4.972897000000000
                  5.433307000000000
                  5.910940000000000
                  6.397607000000000
                  6.883503000000000
                  7.357711000000000
                  7.808877000000000
                  8.226007000000000
                  8.599245000000000
                  8.920533000000000
                  9.184075000000000
                  9.386549000000000
                  9.527076000000000
                  9.606990000000000
                   .689842500000000
                   .841852200000000
                  1.050110000000000
                  1.346113000000000
                  1.786826000000000
                  2.456859000000000
                  2.867614000000000
                  3.152386000000000
                  3.456748000000000
                  3.777708000000000
                  4.110932000000000
                  4.450767000000000
                  4.790432000000000
                  5.122350000000000
                  5.438623000000000
                  5.731579000000000
                  5.994314000000000
                  6.221154000000000
                  6.407983000000000
                  6.552395000000000
                  6.653685000000000
                  6.712692000000000
                   .423225100000000
                   .516603800000000
                   .644604900000000
                   .826675500000000
                  1.098059000000000
                  1.519485000000000
                  1.808203000000000
                  1.988784000000000
                  2.182004000000000
                  2.386019000000000
                  2.598124000000000
                  2.814776000000000
                  3.031699000000000
                  3.244095000000000
                  3.446943000000000
                  3.635340000000000
                  3.804851000000000
                  3.951805000000000
                  4.073506000000000
                  4.168342000000000
                  4.235779000000000
                  4.276275000000000
                   .221828800000000
                   .270833600000000
                   .338044400000000
                   .433717700000000
                   .576479100000000
                   .803048400000000
                   .987852800000000
                  1.087741000000000
                  1.194860000000000
                  1.308234000000000
                  1.426409000000000
                  1.547454000000000
                  1.669017000000000
                  1.788438000000000
                  1.902911000000000
                  2.009678000000000
                  2.106220000000000
                  2.190430000000000
                  2.260734000000000
                  2.316159000000000
                  2.356337000000000
                  2.381455000000000
                   .083707590000000
                   .102222500000000
                   .127629200000000
                   .163822000000000
                   .217886500000000
                   .303832900000000
                   .402386100000000
                   .444752100000000
                   .489998200000000
                   .538145800000000
                   .588618600000000
                   .640627400000000
                   .693189400000000
                   .745173700000000
                   .795368100000000
                   .842561900000000
                   .885631500000000
                   .923618100000000
                   .955785000000000
                   .981651700000000
                  1.000999000000000
                  1.013855000000000
                   .011324140000000
                   .013831910000000
                   .017274960000000
                   .022183290000000
                   .029523140000000
                   .041210740000000
                   .061499360000000
                   .078959980000000
                   .088134930000000
                   .098113500000000
                   .108811800000000
                   .120092700000000
                   .131766300000000
                   .143595400000000
                   .155308900000000
                   .166620400000000
                   .177248700000000
                   .186938600000000
                   .195478600000000
                   .202712100000000
                   .208542700000000
                   .212933900000000
                 21.000000000000000
                 21.000000000000000
                 21.000000000000000
                 21.000000000000000
                 21.000000000000000
                 21.000000000000000
                 21.000000000000000
                 21.000000000000000
                 21.000000000000000
                 21.000000000000000
                 21.000000000000000
                 21.000000000000000
                 21.000000000000000
                 21.000000000000000
                 21.000000000000000
                 21.000000000000000
                 21.000000000000000
                 21.000000000000000
                 21.000000000000000
                 21.000000000000000
                 21.000000000000000
                 21.000000000000000
                 21.000000000000000
                 21.000000000000000
                 21.000000000000000
                 21.000000000000000
                 21.000000000000000
                 21.000000000000000
                 21.000000000000000
                 21.000000000000000
                 21.000000000000000
                 21.000000000000000
                 21.000000000000000
                 21.000000000000000
                 21.000000000000000
                 21.000000000000000
                 21.000000000000000
                 21.000000000000000
                 21.000000000000000
                 21.000000000000000
                 21.000000000000000
                 21.000000000000000
                 21.000000000000000
                 21.000000000000000
                 21.000000000000000
                 21.000000000000000
                 21.000000000000000
                 21.000000000000000
                 21.000000000000000
                 21.000000000000000
                 21.000000000000000
                 21.000000000000000
                 21.000000000000000
                 21.000000000000000
                 21.000000000000000
                 21.000000000000000
                 21.000000000000000
                 21.000000000000000
                 21.000000000000000
                 21.000000000000000
                 21.000000000000000
                 21.000000000000000
                 21.000000000000000
                 21.000000000000000
                 21.000000000000000
                 21.000000000000000
                 21.000000000000000
                 21.000000000000000
                 21.000000000000000
                 21.000000000000000
                 21.000000000000000
                 21.000000000000000
                 21.000000000000000
                 21.000000000000000
                 21.000000000000000
                 21.000000000000000
                 21.000000000000000
                 21.000000000000000
                 21.000000000000000
                 21.000000000000000
                 21.000000000000000
                 21.000000000000000
                 21.000000000000000
                 21.000000000000000
                 21.000000000000000
                 21.000000000000000
                 21.000000000000000
                 21.000000000000000
                 21.000000000000000
                 21.000000000000000
                 21.000000000000000
                 21.000000000000000
                 21.000000000000000
                 21.000000000000000
                 21.000000000000000
                 21.000000000000000
                 21.000000000000000
                 21.000000000000000
                 21.000000000000000
                 21.000000000000000
                 21.000000000000000
                 21.000000000000000
                 21.000000000000000
                 21.000000000000000
                 21.000000000000000
                 21.000000000000000
                 21.000000000000000
                 21.000000000000000
                 21.000000000000000
                 21.000000000000000
                 21.000000000000000
                 21.000000000000000
                 21.000000000000000
                 21.000000000000000
                 21.000000000000000
                 21.000000000000000
                 21.000000000000000
                 21.000000000000000
                 21.000000000000000
                 21.000000000000000
                 21.000000000000000
                 21.000000000000000
                 21.000000000000000
                 21.000000000000000
                 21.000000000000000
                 21.000000000000000
                 21.000000000000000
                 21.000000000000000
                 21.000000000000000
                 21.000000000000000
                 21.000000000000000
                 21.000000000000000
                 21.000000000000000
                 21.000000000000000
                 21.000000000000000
                 21.000000000000000
                 21.000000000000000
                 21.000000000000000
                 21.000000000000000
                 21.000000000000000
                 21.000000000000000
                 21.000000000000000
                 21.000000000000000
                 21.000000000000000
                 21.000000000000000
                 21.000000000000000
                 21.000000000000000
                 21.000000000000000
                 21.000000000000000
                 21.000000000000000
                 21.000000000000000
                 21.000000000000000
                 21.000000000000000
                 21.000000000000000
                 21.000000000000000
                 21.000000000000000
                 21.000000000000000
                 21.000000000000000
                 21.000000000000000
                 21.000000000000000
                 21.000000000000000
                 21.000000000000000
                 21.000000000000000
                 21.000000000000000
                 21.000000000000000
                 21.000000000000000
                 21.000000000000000
                 21.000000000000000
                 21.000000000000000
                 21.000000000000000
                 21.000000000000000
                 21.000000000000000
                 21.000000000000000
                 21.000000000000000
                 21.000000000000000
                 21.000000000000000
                 21.000000000000000
                 21.000000000000000
                 21.000000000000000
                 21.000000000000000
                 21.000000000000000
                 21.000000000000000
                 21.000000000000000
                 21.000000000000000
                 21.000000000000000
                 21.000000000000000
                 21.000000000000000
                 21.000000000000000
                 21.000000000000000
                 21.000000000000000
                 21.000000000000000
                 21.000000000000000
                 21.000000000000000
                 21.000000000000000
                 21.000000000000000
                 21.000000000000000
                 21.000000000000000
                 21.000000000000000
                 21.000000000000000
                 21.000000000000000
                 21.000000000000000
                 21.000000000000000
                 21.000000000000000
                 21.000000000000000
                 21.000000000000000
                 21.000000000000000
                 21.000000000000000
                 21.000000000000000
                 21.000000000000000
                 21.000000000000000
                 21.000000000000000
                 21.000000000000000
                 21.000000000000000
                 21.000000000000000
                 21.000000000000000
                 21.000000000000000
                 21.000000000000000
                 21.000000000000000
                 21.000000000000000
                 21.000000000000000
                 21.000000000000000
                 21.000000000000000
                 21.000000000000000
                 21.000000000000000
                 21.000000000000000
                 21.000000000000000
                 21.000000000000000
                 21.000000000000000
                 21.000000000000000
                 21.000000000000000
                 21.000000000000000
                 21.000000000000000
                 21.000000000000000
                 21.000000000000000
                 21.000000000000000
                 21.000000000000000
                 21.000000000000000
                 21.000000000000000
                 21.000000000000000
                 21.000000000000000
                 21.000000000000000
                 21.000000000000000
                 21.000000000000000
                 21.000000000000000
                 21.000000000000000
                 21.000000000000000
                 21.000000000000000
                 21.000000000000000
                 21.000000000000000
                 21.000000000000000
                 21.000000000000000
                 21.000000000000000
                 21.000000000000000
                 21.000000000000000
                 21.000000000000000
                 21.000000000000000
                 21.000000000000000
                 21.000000000000000
                 21.000000000000000
                 21.000000000000000
                 21.000000000000000
                 21.000000000000000
                 21.000000000000000
                 21.000000000000000
                 21.000000000000000
                 21.000000000000000
                 21.000000000000000
                 21.000000000000000
                 21.000000000000000
                 21.000000000000000
                 21.000000000000000
                 21.000000000000000
                 21.000000000000000
                 21.000000000000000
                 21.000000000000000
                 21.000000000000000
                 21.000000000000000
                 21.000000000000000
                 21.000000000000000
                 21.000000000000000
                 21.000000000000000
                 21.000000000000000
                 21.000000000000000
                 21.000000000000000
                 21.000000000000000
                 21.000000000000000
                 20.107970000000000
                 21.000000000000000
                 21.000000000000000
                 21.000000000000000
                 21.000000000000000
                 21.000000000000000
                 21.000000000000000
                 21.000000000000000
                 21.000000000000000
                 21.000000000000000
                 21.000000000000000
                 21.000000000000000
                 21.000000000000000
                 21.000000000000000
                 21.000000000000000
                 21.000000000000000
                 21.000000000000000
                 21.000000000000000
                 21.000000000000000
                 21.000000000000000
                 21.000000000000000
                 21.000000000000000
                 16.836930000000000
                 20.522750000000000
                 21.000000000000000
                 21.000000000000000
                 21.000000000000000
                 21.000000000000000
                 21.000000000000000
                 21.000000000000000
                 21.000000000000000
                 21.000000000000000
                 21.000000000000000
                 21.000000000000000
                 21.000000000000000
                 21.000000000000000
                 21.000000000000000
                 21.000000000000000
                 21.000000000000000
                 21.000000000000000
                 21.000000000000000
                 21.000000000000000
                 21.000000000000000
                 21.000000000000000
                 13.719650000000000
                 16.727050000000000
                 20.838110000000000
                 21.000000000000000
                 21.000000000000000
                 21.000000000000000
                 21.000000000000000
                 21.000000000000000
                 21.000000000000000
                 21.000000000000000
                 21.000000000000000
                 21.000000000000000
                 21.000000000000000
                 21.000000000000000
                 21.000000000000000
                 21.000000000000000
                 21.000000000000000
                 21.000000000000000
                 21.000000000000000
                 21.000000000000000
                 21.000000000000000
                 21.000000000000000
                 10.921540000000000
                 13.318750000000000
                 16.597540000000000
                 21.000000000000000
                 21.000000000000000
                 21.000000000000000
                 21.000000000000000
                 21.000000000000000
                 21.000000000000000
                 21.000000000000000
                 21.000000000000000
                 21.000000000000000
                 21.000000000000000
                 21.000000000000000
                 21.000000000000000
                 21.000000000000000
                 21.000000000000000
                 21.000000000000000
                 21.000000000000000
                 21.000000000000000
                 21.000000000000000
                 21.000000000000000
                  8.344863000000000
                 10.178920000000000
                 12.688850000000000
                 16.250800000000000
                 21.000000000000000
                 21.000000000000000
                 21.000000000000000
                 21.000000000000000
                 21.000000000000000
                 21.000000000000000
                 21.000000000000000
                 21.000000000000000
                 21.000000000000000
                 21.000000000000000
                 21.000000000000000
                 21.000000000000000
                 21.000000000000000
                 21.000000000000000
                 21.000000000000000
                 21.000000000000000
                 21.000000000000000
                 21.000000000000000
                  6.076768000000000
                  7.414081000000000
                  9.245226000000000
                 11.845890000000000
                 15.713650000000000
                 21.000000000000000
                 21.000000000000000
                 21.000000000000000
                 21.000000000000000
                 21.000000000000000
                 21.000000000000000
                 21.000000000000000
                 21.000000000000000
                 21.000000000000000
                 21.000000000000000
                 21.000000000000000
                 21.000000000000000
                 21.000000000000000
                 21.000000000000000
                 21.000000000000000
                 21.000000000000000
                 21.000000000000000
                  4.139055000000000
                  5.051114000000000
                  6.300659000000000
                  8.076676000000000
                 10.720960000000000
                 14.741150000000000
                 17.205680000000000
                 18.914320000000000
                 20.740490000000000
                 21.000000000000000
                 21.000000000000000
                 21.000000000000000
                 21.000000000000000
                 21.000000000000000
                 21.000000000000000
                 21.000000000000000
                 21.000000000000000
                 21.000000000000000
                 21.000000000000000
                 21.000000000000000
                 21.000000000000000
                 21.000000000000000
                  2.539351000000000
                  3.099623000000000
                  3.867630000000000
                  4.960053000000000
                  6.588351000000000
                  9.116908000000000
                 10.849220000000000
                 11.932700000000000
                 13.092030000000000
                 14.316110000000000
                 15.588740000000000
                 16.888660000000000
                 18.190200000000000
                 19.464570000000000
                 20.681660000000000
                 21.000000000000000
                 21.000000000000000
                 21.000000000000000
                 21.000000000000000
                 21.000000000000000
                 21.000000000000000
                 21.000000000000000
                  1.330973000000000
                  1.625002000000000
                  2.028266000000000
                  2.602306000000000
                  3.458875000000000
                  4.818291000000000
                  5.927117000000000
                  6.526448000000000
                  7.169160000000000
                  7.849404000000000
                  8.558454000000000
                  9.284723000000000
                 10.014100000000000
                 10.730630000000000
                 11.417470000000000
                 12.058070000000000
                 12.637320000000000
                 13.142580000000000
                 13.564400000000000
                 13.896960000000000
                 14.138020000000000
                 14.288730000000000
                   .502245500000000
                   .613334800000000
                   .765775300000000
                   .982932200000000
                  1.307319000000000
                  1.822998000000000
                  2.414317000000000
                  2.668513000000000
                  2.939989000000000
                  3.228875000000000
                  3.531712000000000
                  3.843764000000000
                  4.159136000000000
                  4.471042000000000
                  4.772209000000000
                  5.055372000000000
                  5.313789000000000
                  5.541708000000000
                  5.734710000000000
                  5.889910000000000
                  6.005996000000000
                  6.083129000000000
                   .067944850000000
                   .082991470000000
                   .103649700000000
                   .133099700000000
                   .177138900000000
                   .247264400000000
                   .368996200000000
                   .473759900000000
                   .528809600000000
                   .588681000000000
                   .652870500000000
                   .720556600000000
                   .790597800000000
                   .861572200000000
                   .931853500000000
                   .999722400000000
                  1.063492000000000
                  1.121632000000000
                  1.172872000000000
                  1.216272000000000
                  1.251256000000000
                  1.277603000000000
