 forblC(24)
                   .000000000000000
                   .000000000000000
                   .000000000000000
                   .000000000000000
                   .000000000000000
                   .000000000000000
                   .000000000000000
                   .000000000000000
                   .000000000000000
                   .000000000000000
                   .000000000000000
                   .000000000000000
                   .000000000000000
                   .000000001528560
                   .000000001528560
                   .000000116170600
                   .000001753258000
                   .000022135080000
                   .000209574700000
                   .001478180000000
                   .007824487000000
                   .030188290000000
                   .099801750000000
                   .361380500000000
