 xmorblc(24)
                   .000000000000000
                   .000000000000000
                   .000000000000000
                   .000000000000000
                   .000000000000000
                   .000000000000000
                   .000000000000000
                   .000000000000000
                   .000000000000000
                   .000000000000000
                   .000000000000000
                   .000000000000000
                   .000000000000000
                   .000000000000000
                   .000000021982290
                   .000000370435500
                   .000005151122000
                   .000057267620000
                   .000470798200000
                   .002819819000000
                   .012276730000000
                   .037347760000000
                   .079313800000000
                   .036543220000000
