    0.000000E+00
    0.000000E+00
    0.000000E+00
    0.000000E+00
    0.000000E+00
    0.000000E+00
    0.000000E+00
    0.000000E+00
    0.000000E+00
    0.000000E+00
    0.000000E+00
    0.000000E+00
    0.000000E+00
    0.000000E+00
    0.000000E+00
    0.000000E+00
    0.000000E+00
    0.000000E+00
    0.000000E+00
    0.000000E+00
    0.000000E+00
    0.000000E+00
    0.000000E+00
    0.000000E+00
    0.000000E+00
    0.000000E+00
    0.000000E+00
    0.000000E+00
    0.000000E+00
    0.000000E+00
    0.000000E+00
    0.000000E+00
    0.000000E+00
    0.000000E+00
    0.000000E+00
    0.000000E+00
    0.000000E+00
    0.000000E+00
    0.000000E+00
    0.000000E+00
    0.000000E+00
    0.000000E+00
    0.000000E+00
    0.000000E+00
    0.000000E+00
    0.000000E+00
    0.000000E+00
    0.000000E+00
    0.000000E+00
    0.000000E+00
    0.000000E+00
    0.000000E+00
    0.000000E+00
    0.000000E+00
    0.000000E+00
    0.000000E+00
    0.000000E+00
    0.000000E+00
    0.000000E+00
    0.000000E+00
    0.000000E+00
    0.000000E+00
    0.000000E+00
    0.000000E+00
    0.000000E+00
    0.000000E+00
    0.000000E+00
    0.000000E+00
    0.000000E+00
    0.000000E+00
    0.000000E+00
    0.000000E+00
    0.000000E+00
    0.000000E+00
    0.000000E+00
    0.000000E+00
    0.000000E+00
    0.000000E+00
    0.000000E+00
    0.000000E+00
    0.000000E+00
    0.000000E+00
    0.000000E+00
    0.000000E+00
    0.000000E+00
    0.000000E+00
    0.000000E+00
    0.000000E+00
    0.000000E+00
    0.000000E+00
    0.000000E+00
    0.000000E+00
    0.000000E+00
    0.000000E+00
    0.000000E+00
    0.000000E+00
    0.000000E+00
    0.000000E+00
    0.000000E+00
    0.000000E+00
     3577.904000
    21467.420000
     3288.636000
    19731.820000
     3010.584000
    18063.500000
     2743.882000
    16463.290000
     2488.670000
    14932.020000
     2245.072000
    13470.430000
     2013.209000
    12079.250000
     1793.219000
    10759.310000
     1585.242000
     9511.453000
     1389.430000
     8336.582000
     1205.937000
     7235.622000
     1034.879000
     6209.274000
      876.374600
     5258.248000
      730.589500
     4383.537000
      597.710900
     3586.265000
      477.901100
     2867.406000
      371.332400
     2227.995000
      278.162100
     1668.973000
      198.507800
     1191.047000
      132.449800
      794.698600
       79.989540
      479.937300
       41.038330
      246.230000
       15.234780
       91.408690
        2.015697
       12.094180
