 eorblc(24)
                   .000000000000000
                   .000000000000000
                   .000000000000000
                   .000000000000000
                   .000000000000000
                   .000000000000000
                   .000000000000000
                   .000000000000000
                   .000000000000000
                   .000000000000000
                   .000000000000000
                   .000000000000000
                   .000000000000000
                   .000000010190400
                   .000000065218560
                   .000001147439000
                   .000014354200000
                   .000143656100000
                   .001057101000000
                   .005647137000000
                   .022000730000000
                   .062493380000000
                   .170078900000000
                   .453960600000000
