 vintrinC(24)
                   .000000000000000
                   .000000000000000
                   .000000000000000
                   .000000000000000
                   .000000000000000
                   .000000000000000
                   .000000000000000
                   .000000000000000
                   .000000000000000
                   .000000000000000
                   .000000000000000
                   .000000000000000
                   .000000000000000
                   .000000000000000
                   .001445934000000
                   .024136340000000
                   .331590900000000
                  3.650143000000000
                 29.706300000000000
                176.099300000000000
                760.675400000000000
               2289.477000000000000
               4822.477000000000000
               2197.367000000000000
