   n0    forbl   xmorbl  eorbl
  1      .000      .000      .000
  2      .000      .000      .000
  3      .000      .000      .000
  4      .000      .000      .000
  5      .000      .000      .000
  6      .000      .000      .001
  7      .000      .000      .001
  8      .000      .001      .001
  9      .000      .001      .002
 10      .001      .001      .003
 11      .001      .002      .004
 12      .001      .003      .005
 13      .002      .004      .008
 14      .003      .005      .010
 15      .005      .008      .014
 16      .007      .011      .020
 17      .010      .015      .028
 18      .015      .021      .039
 19      .024      .030      .057
 20      .038      .040      .089
 21      .067      .051      .147
 22      .125      .053      .247
 23      .240      .036      .381
 24      .411      .008      .484
   n0    forblC   xmorblC  eorblC
  1      .000      .000      .000
  2      .000      .000      .000
  3      .000      .000      .000
  4      .000      .000      .000
  5      .000      .000      .000
  6      .000      .000      .000
  7      .000      .000      .000
  8      .000      .000      .000
  9      .000      .000      .000
 10      .000      .000      .000
 11      .000      .000      .000
 12      .000      .000      .000
 13      .000      .000      .000
 14      .000      .000      .000
 15      .000      .000      .000
 16      .000      .000      .000
 17      .000      .000      .000
 18      .000      .000      .000
 19      .000      .000      .000
 20      .000      .000      .000
 21      .000      .000      .001
 22      .001      .002      .004
 23      .005      .008      .019
 24      .082      .036      .191
  n0   intrinD   intrinC  NBIreturn   Snbi      dFdr
  1  .315E+01  .000E+00  .000E+00  .000E+00  .282E-02
  2  .126E+02  .000E+00  .000E+00  .000E+00  .198E-02
  3  .187E+02  .000E+00  .000E+00  .000E+00  .305E-02
  4  .278E+02  .000E+00  .000E+00  .000E+00  .465E-02
  5  .410E+02  .000E+00  .000E+00  .000E+00  .707E-02
  6  .603E+02  .000E+00  .000E+00  .000E+00  .107E-01
  7  .884E+02  .000E+00  .000E+00  .000E+00  .162E-01
  8  .129E+03  .000E+00  .000E+00  .000E+00  .245E-01
  9  .187E+03  .000E+00  .000E+00  .000E+00  .368E-01
 10  .269E+03  .000E+00  .000E+00  .000E+00  .550E-01
 11  .386E+03  .000E+00  .000E+00  .000E+00  .818E-01
 12  .549E+03  .000E+00  .000E+00  .000E+00  .121E+00
 13  .777E+03  .000E+00  .000E+00  .000E+00  .179E+00
 14  .109E+04  .000E+00  .000E+00  .000E+00  .263E+00
 15  .152E+04  .177E-02  .000E+00  .000E+00  .388E+00
 16  .210E+04  .799E-02  .000E+00  .000E+00  .580E+00
 17  .289E+04  .563E-01  .000E+00  .000E+00  .895E+00
 18  .396E+04  .390E+00  .000E+00  .000E+00  .146E+01
 19  .543E+04  .257E+01  .000E+00  .000E+00  .260E+01
 20  .729E+04  .152E+02  .000E+00  .000E+00  .504E+01
 21  .903E+04  .759E+02  .000E+00  .000E+00  .103E+02
 22  .921E+04  .314E+03  .000E+00  .000E+00  .201E+02
 23  .620E+04  .144E+04  .000E+00  .000E+00  .302E+02
 24  .141E+04  .610E+04  .000E+00  .000E+00  .000E+00
 n0         ffrac1    ffrac2    ffrac3         nbdep1    nbilost   nbitot
 1         .00         .00         .00       .00      .000E+00    .000E+00
 2         .00         .00         .00       .00      .000E+00    .000E+00
 3         .00         .00         .00       .00      .000E+00    .000E+00
 4         .00         .00         .00       .00      .000E+00    .000E+00
 5         .00         .00         .00       .00      .000E+00    .000E+00
 6         .00         .00         .00       .00      .000E+00    .000E+00
 7         .00         .00         .00       .00      .000E+00    .000E+00
 8         .00         .00         .00       .00      .000E+00    .000E+00
 9         .00         .00         .00       .00      .000E+00    .000E+00
10         .00         .00         .00       .00      .000E+00    .000E+00
11         .00         .00         .00       .00      .000E+00    .000E+00
12         .00         .00         .00       .00      .000E+00    .000E+00
13         .00         .00         .00       .00      .000E+00    .000E+00
14         .00         .00         .00       .00      .000E+00    .000E+00
15         .00         .00         .00       .00      .000E+00    .000E+00
16         .00         .00         .00       .00      .000E+00    .000E+00
17         .00         .00         .00       .00      .000E+00    .000E+00
18         .00         .00         .00       .00      .000E+00    .000E+00
19         .00         .00         .00       .00      .000E+00    .000E+00
20         .00         .00         .00       .00      .000E+00    .000E+00
21         .00         .00         .00       .00      .000E+00    .000E+00
22         .00         .00         .00       .00      .000E+00    .000E+00
23         .00         .00         .00       .00      .000E+00    .000E+00
24         .00         .00         .00       .00      .000E+00    .000E+00
25         .00         .00         .00       .00      .000E+00    .000E+00
26         .00         .00         .00       .00      .000E+00    .000E+00
27         .00         .00         .00       .00      .000E+00    .000E+00
28         .00         .00         .00       .00      .000E+00    .000E+00
29         .00         .00         .00       .00      .000E+00    .000E+00
30         .00         .00         .00       .00      .000E+00    .000E+00
31         .00         .00         .00       .00      .000E+00    .000E+00
32         .00         .00         .00       .00      .000E+00    .000E+00
33         .00         .00         .00       .00      .000E+00    .000E+00
34         .00         .00         .00       .00      .000E+00    .000E+00
35         .00         .00         .00       .00      .000E+00    .000E+00
36         .00         .00         .00       .00      .000E+00    .000E+00
37         .00         .00         .00       .00      .000E+00    .000E+00
38         .00         .00         .00       .00      .000E+00    .000E+00
39         .00         .00         .00       .00      .000E+00    .000E+00
40         .00         .00         .00       .00      .000E+00    .000E+00
41         .00         .00         .00       .00      .000E+00    .000E+00
42         .00         .00         .00       .00      .000E+00    .000E+00
43         .00         .00         .00       .00      .000E+00    .000E+00
44         .00         .00         .00       .00      .000E+00    .000E+00
45         .00         .00         .00       .00      .000E+00    .000E+00
46         .00         .00         .00       .00      .000E+00    .000E+00
47         .00         .00         .00       .00      .000E+00    .000E+00
48         .00         .00         .00       .00      .000E+00    .000E+00
49         .00         .00         .00       .00      .000E+00    .000E+00
50         .00         .00         .00       .00      .000E+00    .000E+00
