                   .954545400000000                   .864000000000000                   .000000000000000
                   .954545400000000                   .869666700000000                   .000000000000000
                   .954545400000000                   .875333400000000                   .000000000000000
                   .954545400000000                   .881000000000000               3198.777000000000000
                   .954545400000000                   .886666700000000               2943.974000000000000
                   .954545400000000                   .892333400000000               2699.276000000000000
                   .954545400000000                   .898000100000000               2464.709000000000000
                   .954545400000000                   .903666700000000               2240.302000000000000
                   .954545400000000                   .909333400000000               2026.125000000000000
                   .954545400000000                   .915000100000000               1822.256000000000000
                   .954545400000000                   .920666800000000               1628.791000000000000
                   .954545400000000                   .926333400000000               1445.815000000000000
                   .954545400000000                   .932000100000000               1273.359000000000000
                   .954545400000000                   .937666800000000               1111.391000000000000
                   .954545400000000                   .943333400000000                959.811700000000000
                   .954545400000000                   .949000100000000                818.497800000000000
                   .954545400000000                   .954666800000000                687.168600000000000
                   .954545400000000                   .960333500000000                565.353400000000000
                   .954545400000000                   .966000100000000                453.153600000000000
                   .954545400000000                   .971666800000000                352.199400000000000
                   .954545400000000                   .977333500000000                264.960800000000000
                   .954545400000000                   .983000200000000                192.513700000000000
                   .954545400000000                   .988666800000000                128.292000000000000
                   .954545400000000                   .994333500000000                 53.854810000000000
                   .863636400000000                   .864000000000000                   .000000000000000
                   .863636400000000                   .869666700000000                   .000000000000000
                   .863636400000000                   .875333400000000                   .000000000000000
                   .863636400000000                   .881000000000000               3887.324000000000000
                   .863636400000000                   .886666700000000               3578.484000000000000
                   .863636400000000                   .892333400000000               3281.787000000000000
                   .863636400000000                   .898000100000000               2997.274000000000000
                   .863636400000000                   .903666700000000               2724.988000000000000
                   .863636400000000                   .909333400000000               2465.024000000000000
                   .863636400000000                   .915000100000000               2217.486000000000000
                   .863636400000000                   .920666800000000               1982.500000000000000
                   .863636400000000                   .926333400000000               1760.177000000000000
                   .863636400000000                   .932000100000000               1550.565000000000000
                   .863636400000000                   .937666800000000               1353.634000000000000
                   .863636400000000                   .943333400000000               1169.272000000000000
                   .863636400000000                   .949000100000000                997.337600000000000
                   .863636400000000                   .954666800000000                837.497400000000000
                   .863636400000000                   .960333500000000                689.186500000000000
                   .863636400000000                   .966000100000000                552.535500000000000
                   .863636400000000                   .971666800000000                429.538400000000000
                   .863636400000000                   .977333500000000                323.215300000000000
                   .863636400000000                   .983000200000000                234.890400000000000
                   .863636400000000                   .988666800000000                156.567300000000000
                   .863636400000000                   .994333500000000                 62.103830000000000
                   .772727300000000                   .864000000000000                   .000000000000000
                   .772727300000000                   .869666700000000                   .000000000000000
                   .772727300000000                   .875333400000000                   .000000000000000
                   .772727300000000                   .881000000000000               4821.456000000000000
                   .772727300000000                   .886666700000000               4439.758000000000000
                   .772727300000000                   .892333400000000               4072.892000000000000
                   .772727300000000                   .898000100000000               3720.925000000000000
                   .772727300000000                   .903666700000000               3383.923000000000000
                   .772727300000000                   .909333400000000               3062.022000000000000
                   .772727300000000                   .915000100000000               2755.363000000000000
                   .772727300000000                   .920666800000000               2464.118000000000000
                   .772727300000000                   .926333400000000               2188.441000000000000
                   .772727300000000                   .932000100000000               1928.405000000000000
                   .772727300000000                   .937666800000000               1683.988000000000000
                   .772727300000000                   .943333400000000               1455.065000000000000
                   .772727300000000                   .949000100000000               1241.477000000000000
                   .772727300000000                   .954666800000000               1042.821000000000000
                   .772727300000000                   .960333500000000                858.409800000000000
                   .772727300000000                   .966000100000000                688.417300000000000
                   .772727300000000                   .971666800000000                535.338100000000000
                   .772727300000000                   .977333500000000                402.949500000000000
                   .772727300000000                   .983000200000000                292.921400000000000
                   .772727300000000                   .988666800000000                184.731000000000000
                   .772727300000000                   .994333500000000                 70.247010000000000
                   .681818200000000                   .864000000000000                   .000000000000000
                   .681818200000000                   .869666700000000                   .000000000000000
                   .681818200000000                   .875333400000000                   .000000000000000
                   .681818200000000                   .881000000000000               6131.305000000000000
                   .681818200000000                   .886666700000000               5648.313000000000000
                   .681818200000000                   .892333400000000               5183.782000000000000
                   .681818200000000                   .898000100000000               4737.822000000000000
                   .681818200000000                   .903666700000000               4310.543000000000000
                   .681818200000000                   .909333400000000               3902.143000000000000
                   .681818200000000                   .915000100000000               3512.827000000000000
                   .681818200000000                   .920666800000000               3142.839000000000000
                   .681818200000000                   .926333400000000               2792.401000000000000
                   .681818200000000                   .932000100000000               2461.632000000000000
                   .681818200000000                   .937666800000000               2150.531000000000000
                   .681818200000000                   .943333400000000               1858.964000000000000
                   .681818200000000                   .949000100000000               1586.753000000000000
                   .681818200000000                   .954666800000000               1333.411000000000000
                   .681818200000000                   .960333500000000               1098.081000000000000
                   .681818200000000                   .966000100000000                881.008900000000000
                   .681818200000000                   .971666800000000                685.404500000000000
                   .681818200000000                   .977333500000000                516.127400000000000
                   .681818200000000                   .983000200000000                371.140400000000000
                   .681818200000000                   .988666800000000                214.810200000000000
                   .681818200000000                   .994333500000000                 77.262410000000000
                   .590909100000000                   .864000000000000                   .000000000000000
                   .590909100000000                   .869666700000000                   .000000000000000
                   .590909100000000                   .875333400000000                   .000000000000000
                   .590909100000000                   .881000000000000               8043.970000000000000
                   .590909100000000                   .886666700000000               7414.866000000000000
                   .590909100000000                   .892333400000000               6809.229000000000000
                   .590909100000000                   .898000100000000               6227.254000000000000
                   .590909100000000                   .903666700000000               5669.128000000000000
                   .590909100000000                   .909333400000000               5135.160000000000000
                   .590909100000000                   .915000100000000               4625.663000000000000
                   .590909100000000                   .920666800000000               4141.004000000000000
                   .590909100000000                   .926333400000000               3681.522000000000000
                   .590909100000000                   .932000100000000               3247.423000000000000
                   .590909100000000                   .937666800000000               2838.754000000000000
                   .590909100000000                   .943333400000000               2455.385000000000000
                   .590909100000000                   .949000100000000               2097.131000000000000
                   .590909100000000                   .954666800000000               1763.395000000000000
                   .590909100000000                   .960333500000000               1453.093000000000000
                   .590909100000000                   .966000100000000               1166.589000000000000
                   .590909100000000                   .971666800000000                908.166900000000000
                   .590909100000000                   .977333500000000                657.254300000000000
                   .590909100000000                   .983000200000000                428.036200000000000
                   .590909100000000                   .988666800000000                237.174400000000000
                   .590909100000000                   .994333500000000                 83.492120000000000
                   .500000000000000                   .864000000000000                   .000000000000000
                   .500000000000000                   .869666700000000                   .000000000000000
                   .500000000000000                   .875333400000000                   .000000000000000
                   .500000000000000                   .881000000000000              10981.960000000000000
                   .500000000000000                   .886666700000000              10132.490000000000000
                   .500000000000000                   .892333400000000               9313.547000000000000
                   .500000000000000                   .898000100000000               8525.474000000000000
                   .500000000000000                   .903666700000000               7768.619000000000000
                   .500000000000000                   .909333400000000               7043.489000000000000
                   .500000000000000                   .915000100000000               6350.601000000000000
                   .500000000000000                   .920666800000000               5690.553000000000000
                   .500000000000000                   .926333400000000               5063.895000000000000
                   .500000000000000                   .932000100000000               4471.008000000000000
                   .500000000000000                   .937666800000000               3912.053000000000000
                   .500000000000000                   .943333400000000               3372.876000000000000
                   .500000000000000                   .949000100000000               2814.851000000000000
                   .500000000000000                   .954666800000000               2302.159000000000000
                   .500000000000000                   .960333500000000               1834.867000000000000
                   .500000000000000                   .966000100000000               1414.159000000000000
                   .500000000000000                   .971666800000000               1043.704000000000000
                   .500000000000000                   .977333500000000                728.004600000000000
                   .500000000000000                   .983000200000000                468.611400000000000
                   .500000000000000                   .988666800000000                257.655900000000000
                   .500000000000000                   .994333500000000                 90.062850000000000
                   .409090900000000                   .864000000000000                   .000000000000000
                   .409090900000000                   .869666700000000                   .000000000000000
                   .409090900000000                   .875333400000000                   .000000000000000
                   .409090900000000                   .881000000000000              13801.710000000000000
                   .409090900000000                   .886666700000000              12653.270000000000000
                   .409090900000000                   .892333400000000              11549.280000000000000
                   .409090900000000                   .898000100000000              10490.390000000000000
                   .409090900000000                   .903666700000000               9477.251000000000000
                   .409090900000000                   .909333400000000               8510.607000000000000
                   .409090900000000                   .915000100000000               7591.228000000000000
                   .409090900000000                   .920666800000000               6719.929000000000000
                   .409090900000000                   .926333400000000               5897.499000000000000
                   .409090900000000                   .932000100000000               5124.628000000000000
                   .409090900000000                   .937666800000000               4401.896000000000000
                   .409090900000000                   .943333400000000               3729.764000000000000
                   .409090900000000                   .949000100000000               3108.694000000000000
                   .409090900000000                   .954666800000000               2538.919000000000000
                   .409090900000000                   .960333500000000               2020.450000000000000
                   .409090900000000                   .966000100000000               1554.500000000000000
                   .409090900000000                   .971666800000000               1144.937000000000000
                   .409090900000000                   .977333500000000                796.504600000000000
                   .409090900000000                   .983000200000000                510.778300000000000
                   .409090900000000                   .988666800000000                279.337000000000000
                   .409090900000000                   .994333500000000                 96.915710000000000
                   .318181800000000                   .864000000000000                   .000000000000000
                   .318181800000000                   .869666700000000                   .000000000000000
                   .318181800000000                   .875333400000000                   .000000000000000
                   .318181800000000                   .881000000000000              15401.020000000000000
                   .318181800000000                   .886666700000000              14107.670000000000000
                   .318181800000000                   .892333400000000              12865.770000000000000
                   .318181800000000                   .898000100000000              11675.950000000000000
                   .318181800000000                   .903666700000000              10538.850000000000000
                   .318181800000000                   .909333400000000               9455.181000000000000
                   .318181800000000                   .915000100000000               8425.705000000000000
                   .318181800000000                   .920666800000000               7451.220000000000000
                   .318181800000000                   .926333400000000               6532.496000000000000
                   .318181800000000                   .932000100000000               5670.197000000000000
                   .318181800000000                   .937666800000000               4864.864000000000000
                   .318181800000000                   .943333400000000               4116.915000000000000
                   .318181800000000                   .949000100000000               3426.766000000000000
                   .318181800000000                   .954666800000000               2794.588000000000000
                   .318181800000000                   .960333500000000               2220.320000000000000
                   .318181800000000                   .966000100000000               1705.186000000000000
                   .318181800000000                   .971666800000000               1253.235000000000000
                   .318181800000000                   .977333500000000                869.430300000000000
                   .318181800000000                   .983000200000000                555.348700000000000
                   .318181800000000                   .988666800000000                302.009300000000000
                   .318181800000000                   .994333500000000                103.968000000000000
                   .227272700000000                   .864000000000000                   .000000000000000
                   .227272700000000                   .869666700000000                   .000000000000000
                   .227272700000000                   .875333400000000                   .000000000000000
                   .227272700000000                   .881000000000000              17143.700000000000000
                   .227272700000000                   .886666700000000              15690.440000000000000
                   .227272700000000                   .892333400000000              14296.590000000000000
                   .227272700000000                   .898000100000000              12962.760000000000000
                   .227272700000000                   .903666700000000              11689.520000000000000
                   .227272700000000                   .909333400000000              10477.550000000000000
                   .227272700000000                   .915000100000000               9327.564000000000000
                   .227272700000000                   .920666800000000               8240.333000000000000
                   .227272700000000                   .926333400000000               7216.578000000000000
                   .227272700000000                   .932000100000000               6256.912000000000000
                   .227272700000000                   .937666800000000               5361.815000000000000
                   .227272700000000                   .943333400000000               4531.641000000000000
                   .227272700000000                   .949000100000000               3766.735000000000000
                   .227272700000000                   .954666800000000               3067.186000000000000
                   .227272700000000                   .960333500000000               2432.838000000000000
                   .227272700000000                   .966000100000000               1864.904000000000000
                   .227272700000000                   .971666800000000               1367.587000000000000
                   .227272700000000                   .977333500000000                946.040000000000000
                   .227272700000000                   .983000200000000                601.817200000000000
                   .227272700000000                   .988666800000000                325.378600000000000
                   .227272700000000                   .994333500000000                111.112400000000000
                   .136363600000000                   .864000000000000                   .000000000000000
                   .136363600000000                   .869666700000000                   .000000000000000
                   .136363600000000                   .875333400000000                   .000000000000000
                   .136363600000000                   .881000000000000              19014.080000000000000
                   .136363600000000                   .886666700000000              17387.070000000000000
                   .136363600000000                   .892333400000000              15828.390000000000000
                   .136363600000000                   .898000100000000              14338.550000000000000
                   .136363600000000                   .903666700000000              12918.080000000000000
                   .136363600000000                   .909333400000000              11567.580000000000000
                   .136363600000000                   .915000100000000              10287.690000000000000
                   .136363600000000                   .920666800000000               9079.127000000000000
                   .136363600000000                   .926333400000000               7942.536000000000000
                   .136363600000000                   .932000100000000               6878.450000000000000
                   .136363600000000                   .937666800000000               5887.271000000000000
                   .136363600000000                   .943333400000000               4969.254000000000000
                   .136363600000000                   .949000100000000               4124.655000000000000
                   .136363600000000                   .954666800000000               3353.456000000000000
                   .136363600000000                   .960333500000000               2655.386000000000000
                   .136363600000000                   .966000100000000               2031.620000000000000
                   .136363600000000                   .971666800000000               1486.478000000000000
                   .136363600000000                   .977333500000000               1025.267000000000000
                   .136363600000000                   .983000200000000                649.490700000000000
                   .136363600000000                   .988666800000000                349.063400000000000
                   .136363600000000                   .994333500000000                118.218800000000000
                   .045454550000000                   .864000000000000                   .000000000000000
                   .045454550000000                   .869666700000000                   .000000000000000
                   .045454550000000                   .875333400000000                   .000000000000000
                   .045454550000000                   .881000000000000              20985.640000000000000
                   .045454550000000                   .886666700000000              19173.320000000000000
                   .045454550000000                   .892333400000000              17439.100000000000000
                   .045454550000000                   .898000100000000              15783.380000000000000
                   .045454550000000                   .903666700000000              14206.580000000000000
                   .045454550000000                   .909333400000000              12709.210000000000000
                   .045454550000000                   .915000100000000              11291.820000000000000
                   .045454550000000                   .920666800000000               9955.026000000000000
                   .045454550000000                   .926333400000000               8699.380000000000000
                   .045454550000000                   .932000100000000               7525.312000000000000
                   .045454550000000                   .937666800000000               6433.108000000000000
                   .045454550000000                   .943333400000000               5422.910000000000000
                   .045454550000000                   .949000100000000               4494.854000000000000
                   .045454550000000                   .954666800000000               3648.796000000000000
                   .045454550000000                   .960333500000000               2884.327000000000000
                   .045454550000000                   .966000100000000               2202.555000000000000
                   .045454550000000                   .971666800000000               1607.882000000000000
                   .045454550000000                   .977333500000000               1105.720000000000000
                   .045454550000000                   .983000200000000                697.495600000000000
                   .045454550000000                   .988666800000000                372.603400000000000
                   .045454550000000                   .994333500000000                125.138600000000000
                  -.045454550000000                   .864000000000000                   .000000000000000
                  -.045454550000000                   .869666700000000                   .000000000000000
                  -.045454550000000                   .875333400000000                   .000000000000000
                  -.045454550000000                   .881000000000000              23020.570000000000000
                  -.045454550000000                   .886666700000000              21014.920000000000000
                  -.045454550000000                   .892333400000000              19097.760000000000000
                  -.045454550000000                   .898000100000000              17269.430000000000000
                  -.045454550000000                   .903666700000000              15530.170000000000000
                  -.045454550000000                   .909333400000000              13880.390000000000000
                  -.045454550000000                   .915000100000000              12320.520000000000000
                  -.045454550000000                   .920666800000000              10851.040000000000000
                  -.045454550000000                   .926333400000000               9472.388000000000000
                  -.045454550000000                   .932000100000000               8184.866000000000000
                  -.045454550000000                   .937666800000000               6988.630000000000000
                  -.045454550000000                   .943333400000000               5883.677000000000000
                  -.045454550000000                   .949000100000000               4870.006000000000000
                  -.045454550000000                   .954666800000000               3947.324000000000000
                  -.045454550000000                   .960333500000000               3115.066000000000000
                  -.045454550000000                   .966000100000000               2374.251000000000000
                  -.045454550000000                   .971666800000000               1729.314000000000000
                  -.045454550000000                   .977333500000000               1185.725000000000000
                  -.045454550000000                   .983000200000000                744.807300000000000
                  -.045454550000000                   .988666800000000                395.478200000000000
                  -.045454550000000                   .994333500000000                131.711500000000000
                  -.136363600000000                   .864000000000000                   .000000000000000
                  -.136363600000000                   .869666700000000                   .000000000000000
                  -.136363600000000                   .875333400000000                   .000000000000000
                  -.136363600000000                   .881000000000000              25070.950000000000000
                  -.136363600000000                   .886666700000000              22868.560000000000000
                  -.136363600000000                   .892333400000000              20765.500000000000000
                  -.136363600000000                   .898000100000000              18761.930000000000000
                  -.136363600000000                   .903666700000000              16857.950000000000000
                  -.136363600000000                   .909333400000000              15053.830000000000000
                  -.136363600000000                   .915000100000000              13349.840000000000000
                  -.136363600000000                   .920666800000000              11746.340000000000000
                  -.136363600000000                   .926333400000000              10243.620000000000000
                  -.136363600000000                   .932000100000000               8841.830000000000000
                  -.136363600000000                   .937666800000000               7540.971000000000000
                  -.136363600000000                   .943333400000000               6340.888000000000000
                  -.136363600000000                   .949000100000000               5241.425000000000000
                  -.136363600000000                   .954666800000000               4242.122000000000000
                  -.136363600000000                   .960333500000000               3342.251000000000000
                  -.136363600000000                   .966000100000000               2542.715000000000000
                  -.136363600000000                   .971666800000000               1847.939000000000000
                  -.136363600000000                   .977333500000000               1263.402000000000000
                  -.136363600000000                   .983000200000000                790.302400000000000
                  -.136363600000000                   .988666800000000                417.135800000000000
                  -.136363600000000                   .994333500000000                137.775500000000000
                  -.227272700000000                   .864000000000000                   .000000000000000
                  -.227272700000000                   .869666700000000                   .000000000000000
                  -.227272700000000                   .875333400000000                   .000000000000000
                  -.227272700000000                   .881000000000000              27081.460000000000000
                  -.227272700000000                   .886666700000000              24684.490000000000000
                  -.227272700000000                   .892333400000000              22397.720000000000000
                  -.227272700000000                   .898000100000000              20221.140000000000000
                  -.227272700000000                   .903666700000000              18154.720000000000000
                  -.227272700000000                   .909333400000000              16198.540000000000000
                  -.227272700000000                   .915000100000000              14352.750000000000000
                  -.227272700000000                   .920666800000000              12617.510000000000000
                  -.227272700000000                   .926333400000000              10992.990000000000000
                  -.227272700000000                   .932000100000000               9479.153000000000000
                  -.227272700000000                   .937666800000000               8075.858000000000000
                  -.227272700000000                   .943333400000000               6782.774000000000000
                  -.227272700000000                   .949000100000000               5599.583000000000000
                  -.227272700000000                   .954666800000000               4525.657000000000000
                  -.227272700000000                   .960333500000000               3560.094000000000000
                  -.227272700000000                   .966000100000000               2703.667000000000000
                  -.227272700000000                   .971666800000000               1960.752000000000000
                  -.227272700000000                   .977333500000000               1336.787000000000000
                  -.227272700000000                   .983000200000000                832.830600000000000
                  -.227272700000000                   .988666800000000                437.028000000000000
                  -.227272700000000                   .994333500000000                143.177300000000000
                  -.318181800000000                   .864000000000000                   .000000000000000
                  -.318181800000000                   .869666700000000                   .000000000000000
                  -.318181800000000                   .875333400000000                   .000000000000000
                  -.318181800000000                   .881000000000000              28993.580000000000000
                  -.318181800000000                   .886666700000000              26410.140000000000000
                  -.318181800000000                   .892333400000000              23947.450000000000000
                  -.318181800000000                   .898000100000000              21605.350000000000000
                  -.318181800000000                   .903666700000000              19383.620000000000000
                  -.318181800000000                   .909333400000000              17282.210000000000000
                  -.318181800000000                   .915000100000000              15301.070000000000000
                  -.318181800000000                   .920666800000000              13440.240000000000000
                  -.318181800000000                   .926333400000000              11699.700000000000000
                  -.318181800000000                   .932000100000000              10079.270000000000000
                  -.318181800000000                   .937666800000000               8578.638000000000000
                  -.318181800000000                   .943333400000000               7197.307000000000000
                  -.318181800000000                   .949000100000000               5934.795000000000000
                  -.318181800000000                   .954666800000000               4790.310000000000000
                  -.318181800000000                   .960333500000000               3762.781000000000000
                  -.318181800000000                   .966000100000000               2852.844000000000000
                  -.318181800000000                   .971666800000000               2064.787000000000000
                  -.318181800000000                   .977333500000000               1403.968000000000000
                  -.318181800000000                   .983000200000000                871.295700000000000
                  -.318181800000000                   .988666800000000                454.650400000000000
                  -.318181800000000                   .994333500000000                147.783700000000000
                  -.409090900000000                   .864000000000000                   .000000000000000
                  -.409090900000000                   .869666700000000                   .000000000000000
                  -.409090900000000                   .875333400000000                   .000000000000000
                  -.409090900000000                   .881000000000000              30750.530000000000000
                  -.409090900000000                   .886666700000000              27994.630000000000000
                  -.409090900000000                   .892333400000000              25369.320000000000000
                  -.409090900000000                   .898000100000000              22874.300000000000000
                  -.409090900000000                   .903666700000000              20509.180000000000000
                  -.409090900000000                   .909333400000000              18273.760000000000000
                  -.409090900000000                   .915000100000000              16167.840000000000000
                  -.409090900000000                   .920666800000000              14191.290000000000000
                  -.409090900000000                   .926333400000000              12343.950000000000000
                  -.409090900000000                   .932000100000000              10625.500000000000000
                  -.409090900000000                   .937666800000000               9035.445000000000000
                  -.409090900000000                   .943333400000000               7573.149000000000000
                  -.409090900000000                   .949000100000000               6237.977000000000000
                  -.409090900000000                   .954666800000000               5028.978000000000000
                  -.409090900000000                   .960333500000000               3944.929000000000000
                  -.409090900000000                   .966000100000000               2986.325000000000000
                  -.409090900000000                   .971666800000000               2157.344000000000000
                  -.409090900000000                   .977333500000000               1463.227000000000000
                  -.409090900000000                   .983000200000000                904.736100000000000
                  -.409090900000000                   .988666800000000                469.577800000000000
                  -.409090900000000                   .994333500000000                151.490200000000000
                  -.500000000000000                   .864000000000000                   .000000000000000
                  -.500000000000000                   .869666700000000                   .000000000000000
                  -.500000000000000                   .875333400000000                   .000000000000000
                  -.500000000000000                   .881000000000000              32302.210000000000000
                  -.500000000000000                   .886666700000000              29393.110000000000000
                  -.500000000000000                   .892333400000000              26623.400000000000000
                  -.500000000000000                   .898000100000000              23992.620000000000000
                  -.500000000000000                   .903666700000000              21500.270000000000000
                  -.500000000000000                   .909333400000000              19145.990000000000000
                  -.500000000000000                   .915000100000000              16929.460000000000000
                  -.500000000000000                   .920666800000000              14850.410000000000000
                  -.500000000000000                   .926333400000000              12908.540000000000000
                  -.500000000000000                   .932000100000000              11103.370000000000000
                  -.500000000000000                   .937666800000000               9434.308000000000000
                  -.500000000000000                   .943333400000000               7900.559000000000000
                  -.500000000000000                   .949000100000000               6501.356000000000000
                  -.500000000000000                   .954666800000000               5235.615000000000000
                  -.500000000000000                   .960333500000000               4101.985000000000000
                  -.500000000000000                   .966000100000000               3100.828000000000000
                  -.500000000000000                   .971666800000000               2236.189000000000000
                  -.500000000000000                   .977333500000000               1513.170000000000000
                  -.500000000000000                   .983000200000000                932.394500000000000
                  -.500000000000000                   .988666800000000                481.493600000000000
                  -.500000000000000                   .994333500000000                154.228300000000000
                  -.590909100000000                   .864000000000000                   .000000000000000
                  -.590909100000000                   .869666700000000                   .000000000000000
                  -.590909100000000                   .875333400000000                   .000000000000000
                  -.590909100000000                   .881000000000000              33609.200000000000000
                  -.590909100000000                   .886666700000000              30570.340000000000000
                  -.590909100000000                   .892333400000000              27678.330000000000000
                  -.590909100000000                   .898000100000000              24932.610000000000000
                  -.590909100000000                   .903666700000000              22332.550000000000000
                  -.590909100000000                   .909333400000000              19877.690000000000000
                  -.590909100000000                   .915000100000000              17567.590000000000000
                  -.590909100000000                   .920666800000000              15401.870000000000000
                  -.590909100000000                   .926333400000000              13380.110000000000000
                  -.590909100000000                   .932000100000000              11501.740000000000000
                  -.590909100000000                   .937666800000000               9766.026000000000000
                  -.590909100000000                   .943333400000000               8172.081000000000000
                  -.590909100000000                   .949000100000000               6719.026000000000000
                  -.590909100000000                   .954666800000000               5405.667000000000000
                  -.590909100000000                   .960333500000000               4230.553000000000000
                  -.590909100000000                   .966000100000000               3193.930000000000000
                  -.590909100000000                   .971666800000000               2299.701000000000000
                  -.590909100000000                   .977333500000000               1552.811000000000000
                  -.590909100000000                   .983000200000000                953.762600000000000
                  -.590909100000000                   .988666800000000                490.207100000000000
                  -.590909100000000                   .994333500000000                155.968000000000000
                  -.681818200000000                   .864000000000000                   .000000000000000
                  -.681818200000000                   .869666700000000                   .000000000000000
                  -.681818200000000                   .875333400000000                   .000000000000000
                  -.681818200000000                   .881000000000000              34645.320000000000000
                  -.681818200000000                   .886666700000000              31502.930000000000000
                  -.681818200000000                   .892333400000000              28513.350000000000000
                  -.681818200000000                   .898000100000000              25675.930000000000000
                  -.681818200000000                   .903666700000000              22989.940000000000000
                  -.681818200000000                   .909333400000000              20454.870000000000000
                  -.681818200000000                   .915000100000000              18070.170000000000000
                  -.681818200000000                   .920666800000000              15835.380000000000000
                  -.681818200000000                   .926333400000000              13750.010000000000000
                  -.681818200000000                   .932000100000000              11813.380000000000000
                  -.681818200000000                   .937666800000000              10024.700000000000000
                  -.681818200000000                   .943333400000000               8382.979000000000000
                  -.681818200000000                   .949000100000000               6887.271000000000000
                  -.681818200000000                   .954666800000000               5536.309000000000000
                  -.681818200000000                   .960333500000000               4328.564000000000000
                  -.681818200000000                   .966000100000000               3264.193000000000000
                  -.681818200000000                   .971666800000000               2346.952000000000000
                  -.681818200000000                   .977333500000000               1581.621000000000000
                  -.681818200000000                   .983000200000000                968.601300000000000
                  -.681818200000000                   .988666800000000                495.658600000000000
                  -.681818200000000                   .994333500000000                156.716900000000000
                  -.772727300000000                   .864000000000000                   .000000000000000
                  -.772727300000000                   .869666700000000                   .000000000000000
                  -.772727300000000                   .875333400000000                   .000000000000000
                  -.772727300000000                   .881000000000000              35398.370000000000000
                  -.772727300000000                   .886666700000000              32180.060000000000000
                  -.772727300000000                   .892333400000000              29118.880000000000000
                  -.772727300000000                   .898000100000000              26214.160000000000000
                  -.772727300000000                   .903666700000000              23465.140000000000000
                  -.772727300000000                   .909333400000000              20871.220000000000000
                  -.772727300000000                   .915000100000000              18431.820000000000000
                  -.772727300000000                   .920666800000000              16146.410000000000000
                  -.772727300000000                   .926333400000000              14014.450000000000000
                  -.772727300000000                   .932000100000000              12035.210000000000000
                  -.772727300000000                   .937666800000000              10207.850000000000000
                  -.772727300000000                   .943333400000000               8531.324000000000000
                  -.772727300000000                   .949000100000000               7004.645000000000000
                  -.772727300000000                   .954666800000000               5626.494000000000000
                  -.772727300000000                   .960333500000000               4395.312000000000000
                  -.772727300000000                   .966000100000000               3311.178000000000000
                  -.772727300000000                   .971666800000000               2377.710000000000000
                  -.772727300000000                   .977333500000000               1599.520000000000000
                  -.772727300000000                   .983000200000000                976.932300000000000
                  -.772727300000000                   .988666800000000                497.910700000000000
                  -.772727300000000                   .994333500000000                156.516900000000000
                  -.863636400000000                   .864000000000000                   .000000000000000
                  -.863636400000000                   .869666700000000                   .000000000000000
                  -.863636400000000                   .875333400000000                   .000000000000000
                  -.863636400000000                   .881000000000000              35869.410000000000000
                  -.863636400000000                   .886666700000000              32602.710000000000000
                  -.863636400000000                   .892333400000000              29495.900000000000000
                  -.863636400000000                   .898000100000000              26548.270000000000000
                  -.863636400000000                   .903666700000000              23759.060000000000000
                  -.863636400000000                   .909333400000000              21127.630000000000000
                  -.863636400000000                   .915000100000000              18653.400000000000000
                  -.863636400000000                   .920666800000000              16335.800000000000000
                  -.863636400000000                   .926333400000000              14174.250000000000000
                  -.863636400000000                   .932000100000000              12168.020000000000000
                  -.863636400000000                   .937666800000000              10316.230000000000000
                  -.863636400000000                   .943333400000000               8617.835000000000000
                  -.863636400000000                   .949000100000000               7071.811000000000000
                  -.863636400000000                   .954666800000000               5676.835000000000000
                  -.863636400000000                   .960333500000000               4431.341000000000000
                  -.863636400000000                   .966000100000000               3335.363000000000000
                  -.863636400000000                   .971666800000000               2392.379000000000000
                  -.863636400000000                   .977333500000000               1606.838000000000000
                  -.863636400000000                   .983000200000000                979.009200000000000
                  -.863636400000000                   .988666800000000                497.131800000000000
                  -.863636400000000                   .994333500000000                155.437500000000000
                  -.954545400000000                   .864000000000000                   .000000000000000
                  -.954545400000000                   .869666700000000                   .000000000000000
                  -.954545400000000                   .875333400000000                   .000000000000000
                  -.954545400000000                   .881000000000000              36070.790000000000000
                  -.954545400000000                   .886666700000000              32782.040000000000000
                  -.954545400000000                   .892333400000000              29654.400000000000000
                  -.954545400000000                   .898000100000000              26687.200000000000000
                  -.954545400000000                   .903666700000000              23879.660000000000000
                  -.954545400000000                   .909333400000000              21231.180000000000000
                  -.954545400000000                   .915000100000000              18741.140000000000000
                  -.954545400000000                   .920666800000000              16408.990000000000000
                  -.954545400000000                   .926333400000000              14234.160000000000000
                  -.954545400000000                   .932000100000000              12215.900000000000000
                  -.954545400000000                   .937666800000000              10353.340000000000000
                  -.954545400000000                   .943333400000000               8645.455000000000000
                  -.954545400000000                   .949000100000000               7091.225000000000000
                  -.954545400000000                   .954666800000000               5689.342000000000000
                  -.954545400000000                   .960333500000000               4438.262000000000000
                  -.954545400000000                   .966000100000000               3337.994000000000000
                  -.954545400000000                   .971666800000000               2391.888000000000000
                  -.954545400000000                   .977333500000000               1604.235000000000000
                  -.954545400000000                   .983000200000000                975.271600000000000
                  -.954545400000000                   .988666800000000                493.572700000000000
                  -.954545400000000                   .994333500000000                153.568500000000000
