 Tion(24)
                454.084600000000000
                444.165400000000000
                434.206900000000000
                424.215100000000000
                414.198800000000000
                404.165800000000000
                394.124200000000000
                384.082300000000000
                374.048000000000000
                364.029300000000000
                354.034500000000000
                344.071500000000000
                334.148500000000000
                324.272300000000000
                314.452200000000000
                304.696300000000000
                295.012700000000000
                285.409300000000000
                275.892600000000000
                266.473100000000000
                257.158000000000000
                247.953500000000000
                238.871300000000000
                229.915400000000000
                221.097500000000000
                   .000000000000000
