 xmorbl(24)
                   .000013375700000
                   .000053946020000
                   .000081272530000
                   .000121972500000
                   .000182355000000
                   .000271510900000
                   .000402597400000
                   .000594385800000
                   .000873364000000
                   .001276635000000
                   .001855354000000
                   .002679291000000
                   .003842518000000
                   .005471122000000
                   .007734502000000
                   .010866450000000
                   .015199270000000
                   .021228110000000
                   .029586800000000
                   .040379170000000
                   .050944300000000
                   .052884950000000
                   .036262680000000
                   .008382989000000
                   .000000000000000
                   .000000000000000
