 eorblc(24)
                   .000000000000000
                   .000000000000000
                   .000000000000000
                   .000000000000000
                   .000000000000000
                   .000000000000000
                   .000000000000000
                   .000000000000000
                   .000000000000000
                   .000000000000000
                   .000000000000000
                   .000000000000000
                   .000000000000000
                   .000000000000000
                   .000000012228480
                   .000000130437100
                   .000000913060000
                   .000006016412000
                   .000037421190000
                   .000207556100000
                   .000968556900000
                   .003826812000000
                   .019016520000000
                   .191050700000000
