 vintrin(24)
                516.339200000000000
               1183.691000000000000
               1513.070000000000000
               1933.142000000000000
               2430.677000000000000
               3052.525000000000000
               3823.104000000000000
               4713.921000000000000
               5792.646000000000000
               7109.612000000000000
               8564.965000000000000
              10265.020000000000000
              12255.620000000000000
              14368.070000000000000
              16676.530000000000000
              19057.120000000000000
              20975.040000000000000
              21798.280000000000000
              20502.120000000000000
              16455.370000000000000
              10269.370000000000000
               4287.368000000000000
                829.512500000000000
                  8.282101000000000
                   .000000000000000
                   .000000000000000
