 ephi(??)
               1344.663000000000000
               1276.065000000000000
               1208.674000000000000
               1142.289000000000000
               1076.909000000000000
               1012.737000000000000
                949.570300000000000
                887.409500000000000
                826.455800000000000
                766.709100000000000
                708.169400000000000
                650.836700000000000
                594.710900000000000
                539.993400000000000
                487.086400000000000
                436.191000000000000
                387.307300000000000
                340.435300000000000
                296.178500000000000
                255.180600000000000
                217.220300000000000
                182.438400000000000
                151.398300000000000
                123.918800000000000
                100.000000000000000
                   .000000000000000
