 forbl(24)
                   .000000010699920
                   .000000044328240
                   .000000128399100
                   .000000305712000
                   .000000771922800
                   .000001918343000
                   .000004666694000
                   .000011072890000
                   .000025598790000
                   .000057631300000
                   .000125941100000
                   .000266934000000
                   .000548491700000
                   .001092000000000
                   .002105501000000
                   .003930517000000
                   .007108026000000
                   .012482890000000
                   .021452540000000
                   .036770990000000
                   .065434770000000
                   .127682000000000
                   .263050000000000
                   .443175100000000
                   .000000000000000
                   .000000000000000
