 xmorbl(24)
                   .000000011637680
                   .000000134910900
                   .000000349992500
                   .000000904167900
                   .000002256294000
                   .000005477777000
                   .000012907110000
                   .000029539270000
                   .000065526500000
                   .000140832600000
                   .000292908500000
                   .000588915400000
                   .001143816000000
                   .002144012000000
                   .003874532000000
                   .006744035000000
                   .011300110000000
                   .018231590000000
                   .028383970000000
                   .042720230000000
                   .061016160000000
                   .073745140000000
                   .052809950000000
                   .008844517000000
                   .000000000000000
                   .000000000000000
