 ephi(??)
                364.588500000000000
                343.939800000000000
                323.693000000000000
                303.939700000000000
                284.742000000000000
                266.072700000000000
                247.921500000000000
                230.346700000000000
                213.408500000000000
                197.153000000000000
                181.602900000000000
                166.779400000000000
                152.712200000000000
                139.442200000000000
                127.017800000000000
                115.559800000000000
                105.304500000000000
                 96.593860000000000
                 90.021700000000000
                 86.448900000000000
                 86.590880000000000
                 90.179600000000000
                 95.299340000000000
                 99.163050000000000
                100.000000000000000
                   .000000000000000
