 vintrinC(24)
                   .000000000000000
                   .000000000000000
                   .000000000000000
                   .000000000000000
                   .000000000000000
                   .000000000000000
                   .000000000000000
                   .000000000000000
                   .000000000000000
                   .000000000000000
                   .000000000000000
                   .000000000000000
                   .000000000000000
                   .000000000000000
                   .000000000000000
                   .000000000000000
                   .003354547000000
                   .061326890000000
                   .872278700000000
                  9.427040000000000
                 77.293510000000000
                467.699700000000000
               1984.717000000000000
               3878.831000000000000
