                   .954545400000000                   .864000000000000                   .000000000000000
                   .954545400000000                   .869666700000000                   .000000000000000
                   .954545400000000                   .875333400000000                   .000000000000000
                   .954545400000000                   .881000000000000               2742.161000000000000
                   .954545400000000                   .886666700000000               2487.100000000000000
                   .954545400000000                   .892333400000000               2243.646000000000000
                   .954545400000000                   .898000100000000               2011.923000000000000
                   .954545400000000                   .903666700000000               1792.065000000000000
                   .954545400000000                   .909333400000000               1584.214000000000000
                   .954545400000000                   .915000100000000               1388.523000000000000
                   .954545400000000                   .920666800000000               1205.141000000000000
                   .954545400000000                   .926333400000000               1034.189000000000000
                   .954545400000000                   .932000100000000                875.784500000000000
                   .954545400000000                   .937666800000000                730.091100000000000
                   .954545400000000                   .943333400000000                597.296900000000000
                   .954545400000000                   .949000100000000                477.564400000000000
                   .954545400000000                   .954666800000000                371.065500000000000
                   .954545400000000                   .960333500000000                277.957100000000000
                   .954545400000000                   .966000100000000                198.356800000000000
                   .954545400000000                   .971666800000000                132.344900000000000
                   .954545400000000                   .977333500000000                 79.922620000000000
                   .954545400000000                   .983000200000000                 41.001070000000000
                   .954545400000000                   .988666800000000                 15.218730000000000
                   .954545400000000                   .994333500000000                  2.012318000000000
                   .863636400000000                   .864000000000000                   .000000000000000
                   .863636400000000                   .869666700000000                   .000000000000000
                   .863636400000000                   .875333400000000                   .000000000000000
                   .863636400000000                   .881000000000000               3333.552000000000000
                   .863636400000000                   .886666700000000               3024.224000000000000
                   .863636400000000                   .892333400000000               2728.860000000000000
                   .863636400000000                   .898000100000000               2447.620000000000000
                   .863636400000000                   .903666700000000               2180.682000000000000
                   .863636400000000                   .909333400000000               1928.226000000000000
                   .863636400000000                   .915000100000000               1690.449000000000000
                   .863636400000000                   .920666800000000               1467.547000000000000
                   .863636400000000                   .926333400000000               1259.677000000000000
                   .863636400000000                   .932000100000000               1066.991000000000000
                   .863636400000000                   .937666800000000                889.703000000000000
                   .863636400000000                   .943333400000000                728.052000000000000
                   .863636400000000                   .949000100000000                582.247800000000000
                   .863636400000000                   .954666800000000                452.511600000000000
                   .863636400000000                   .960333500000000                339.046900000000000
                   .863636400000000                   .966000100000000                242.008900000000000
                   .863636400000000                   .971666800000000                161.507600000000000
                   .863636400000000                   .977333500000000                 97.556400000000000
                   .863636400000000                   .983000200000000                 50.058720000000000
                   .863636400000000                   .988666800000000                 18.584880000000000
                   .863636400000000                   .994333500000000                  2.457952000000000
                   .772727300000000                   .864000000000000                   .000000000000000
                   .772727300000000                   .869666700000000                   .000000000000000
                   .772727300000000                   .875333400000000                   .000000000000000
                   .772727300000000                   .881000000000000               4136.508000000000000
                   .772727300000000                   .886666700000000               3753.913000000000000
                   .772727300000000                   .892333400000000               3388.402000000000000
                   .772727300000000                   .898000100000000               3040.192000000000000
                   .772727300000000                   .903666700000000               2709.521000000000000
                   .772727300000000                   .909333400000000               2396.630000000000000
                   .772727300000000                   .915000100000000               2101.783000000000000
                   .772727300000000                   .920666800000000               1825.243000000000000
                   .772727300000000                   .926333400000000               1567.220000000000000
                   .772727300000000                   .932000100000000               1327.927000000000000
                   .772727300000000                   .937666800000000               1107.644000000000000
                   .772727300000000                   .943333400000000                906.691300000000000
                   .772727300000000                   .949000100000000                725.347800000000000
                   .772727300000000                   .954666800000000                563.909500000000000
                   .772727300000000                   .960333500000000                422.649100000000000
                   .772727300000000                   .966000100000000                301.780600000000000
                   .772727300000000                   .971666800000000                201.461200000000000
                   .772727300000000                   .977333500000000                121.728300000000000
                   .772727300000000                   .983000200000000                 62.481390000000000
                   .772727300000000                   .988666800000000                 23.204030000000000
                   .772727300000000                   .994333500000000                  3.069787000000000
                   .681818200000000                   .864000000000000                   .000000000000000
                   .681818200000000                   .869666700000000                   .000000000000000
                   .681818200000000                   .875333400000000                   .000000000000000
                   .681818200000000                   .881000000000000               5263.638000000000000
                   .681818200000000                   .886666700000000               4778.995000000000000
                   .681818200000000                   .892333400000000               4315.663000000000000
                   .681818200000000                   .898000100000000               3873.949000000000000
                   .681818200000000                   .903666700000000               3454.184000000000000
                   .681818200000000                   .909333400000000               3056.710000000000000
                   .681818200000000                   .915000100000000               2681.893000000000000
                   .681818200000000                   .920666800000000               2330.099000000000000
                   .681818200000000                   .926333400000000               2001.630000000000000
                   .681818200000000                   .932000100000000               1696.789000000000000
                   .681818200000000                   .937666800000000               1415.971000000000000
                   .681818200000000                   .943333400000000               1159.614000000000000
                   .681818200000000                   .949000100000000                928.111000000000000
                   .681818200000000                   .954666800000000                721.875600000000000
                   .681818200000000                   .960333500000000                541.292100000000000
                   .681818200000000                   .966000100000000                386.670300000000000
                   .681818200000000                   .971666800000000                258.248400000000000
                   .681818200000000                   .977333500000000                156.110700000000000
                   .681818200000000                   .983000200000000                 80.164860000000000
                   .681818200000000                   .988666800000000                 29.784170000000000
                   .681818200000000                   .994333500000000                  3.942004000000000
                   .590909100000000                   .864000000000000                   .000000000000000
                   .590909100000000                   .869666700000000                   .000000000000000
                   .590909100000000                   .875333400000000                   .000000000000000
                   .590909100000000                   .881000000000000               6912.010000000000000
                   .590909100000000                   .886666700000000               6279.787000000000000
                   .590909100000000                   .892333400000000               5674.745000000000000
                   .590909100000000                   .898000100000000               5097.340000000000000
                   .590909100000000                   .903666700000000               4548.063000000000000
                   .590909100000000                   .909333400000000               4027.422000000000000
                   .590909100000000                   .915000100000000               3535.953000000000000
                   .590909100000000                   .920666800000000               3074.199000000000000
                   .590909100000000                   .926333400000000               2642.619000000000000
                   .590909100000000                   .932000100000000               2241.673000000000000
                   .590909100000000                   .937666800000000               1871.943000000000000
                   .590909100000000                   .943333400000000               1534.072000000000000
                   .590909100000000                   .949000100000000               1228.646000000000000
                   .590909100000000                   .954666800000000                956.276900000000000
                   .590909100000000                   .960333500000000                717.541500000000000
                   .590909100000000                   .966000100000000                512.919700000000000
                   .590909100000000                   .971666800000000                342.797900000000000
                   .590909100000000                   .977333500000000                207.358900000000000
                   .590909100000000                   .983000200000000                106.551600000000000
                   .590909100000000                   .988666800000000                 39.613510000000000
                   .590909100000000                   .994333500000000                  5.246310000000000
                   .500000000000000                   .864000000000000                   .000000000000000
                   .500000000000000                   .869666700000000                   .000000000000000
                   .500000000000000                   .875333400000000                   .000000000000000
                   .500000000000000                   .881000000000000               9449.743000000000000
                   .500000000000000                   .886666700000000               8594.102000000000000
                   .500000000000000                   .892333400000000               7773.983000000000000
                   .500000000000000                   .898000100000000               6990.111000000000000
                   .500000000000000                   .903666700000000               6243.270000000000000
                   .500000000000000                   .909333400000000               5534.258000000000000
                   .500000000000000                   .915000100000000               4863.930000000000000
                   .500000000000000                   .920666800000000               4233.146000000000000
                   .500000000000000                   .926333400000000               3642.653000000000000
                   .500000000000000                   .932000100000000               3093.210000000000000
                   .500000000000000                   .937666800000000               2585.743000000000000
                   .500000000000000                   .943333400000000               2121.270000000000000
                   .500000000000000                   .949000100000000               1700.731000000000000
                   .500000000000000                   .954666800000000               1325.111000000000000
                   .500000000000000                   .960333500000000                995.350100000000000
                   .500000000000000                   .966000100000000                712.260000000000000
                   .500000000000000                   .971666800000000                476.525800000000000
                   .500000000000000                   .977333500000000                288.554500000000000
                   .500000000000000                   .983000200000000                148.428600000000000
                   .500000000000000                   .988666800000000                 55.239240000000000
                   .500000000000000                   .994333500000000                  7.323214000000000
                   .409090900000000                   .864000000000000                   .000000000000000
                   .409090900000000                   .869666700000000                   .000000000000000
                   .409090900000000                   .875333400000000                   .000000000000000
                   .409090900000000                   .881000000000000              12702.540000000000000
                   .409090900000000                   .886666700000000              11562.990000000000000
                   .409090900000000                   .892333400000000              10471.160000000000000
                   .409090900000000                   .898000100000000               9427.929000000000000
                   .409090900000000                   .903666700000000               8434.168000000000000
                   .409090900000000                   .909333400000000               7490.782000000000000
                   .409090900000000                   .915000100000000               6598.707000000000000
                   .409090900000000                   .920666800000000               5758.885000000000000
                   .409090900000000                   .926333400000000               4972.183000000000000
                   .409090900000000                   .932000100000000               4239.477000000000000
                   .409090900000000                   .937666800000000               3561.754000000000000
                   .409090900000000                   .943333400000000               2940.064000000000000
                   .409090900000000                   .949000100000000               2375.407000000000000
                   .409090900000000                   .954666800000000               1868.818000000000000
                   .409090900000000                   .960333500000000               1421.307000000000000
                   .409090900000000                   .966000100000000               1033.806000000000000
                   .409090900000000                   .971666800000000                706.076000000000000
                   .409090900000000                   .977333500000000                428.325400000000000
                   .409090900000000                   .983000200000000                220.719400000000000
                   .409090900000000                   .988666800000000                 82.288730000000000
                   .409090900000000                   .994333500000000                 10.928530000000000
                   .318181800000000                   .864000000000000                   .000000000000000
                   .318181800000000                   .869666700000000                   .000000000000000
                   .318181800000000                   .875333400000000                   .000000000000000
                   .318181800000000                   .881000000000000              14211.360000000000000
                   .318181800000000                   .886666700000000              12928.590000000000000
                   .318181800000000                   .892333400000000              11700.780000000000000
                   .318181800000000                   .898000100000000              10528.790000000000000
                   .318181800000000                   .903666700000000               9413.484000000000000
                   .318181800000000                   .909333400000000               8355.755000000000000
                   .318181800000000                   .915000100000000               7356.528000000000000
                   .318181800000000                   .920666800000000               6416.735000000000000
                   .318181800000000                   .926333400000000               5537.222000000000000
                   .318181800000000                   .932000100000000               4718.846000000000000
                   .318181800000000                   .937666800000000               3962.578000000000000
                   .318181800000000                   .943333400000000               3269.459000000000000
                   .318181800000000                   .949000100000000               2640.470000000000000
                   .318181800000000                   .954666800000000               2076.629000000000000
                   .318181800000000                   .960333500000000               1578.927000000000000
                   .318181800000000                   .966000100000000               1148.269000000000000
                   .318181800000000                   .971666800000000                785.491500000000000
                   .318181800000000                   .977333500000000                491.251600000000000
                   .318181800000000                   .983000200000000                266.015000000000000
                   .318181800000000                   .988666800000000                109.548500000000000
                   .318181800000000                   .994333500000000                 18.029480000000000
                   .227272700000000                   .864000000000000                   .000000000000000
                   .227272700000000                   .869666700000000                   .000000000000000
                   .227272700000000                   .875333400000000                   .000000000000000
                   .227272700000000                   .881000000000000              15862.820000000000000
                   .227272700000000                   .886666700000000              14422.010000000000000
                   .227272700000000                   .892333400000000              13044.350000000000000
                   .227272700000000                   .898000100000000              11730.670000000000000
                   .227272700000000                   .903666700000000              10481.790000000000000
                   .227272700000000                   .909333400000000               9298.571000000000000
                   .227272700000000                   .915000100000000               8181.906000000000000
                   .227272700000000                   .920666800000000               7132.689000000000000
                   .227272700000000                   .926333400000000               6151.725000000000000
                   .227272700000000                   .932000100000000               5239.820000000000000
                   .227272700000000                   .937666800000000               4397.914000000000000
                   .227272700000000                   .943333400000000               3627.008000000000000
                   .227272700000000                   .949000100000000               2928.045000000000000
                   .227272700000000                   .954666800000000               2302.000000000000000
                   .227272700000000                   .960333500000000               1749.822000000000000
                   .227272700000000                   .966000100000000               1272.361000000000000
                   .227272700000000                   .971666800000000                870.401000000000000
                   .227272700000000                   .977333500000000                544.525100000000000
                   .227272700000000                   .983000200000000                295.116900000000000
                   .227272700000000                   .988666800000000                121.811900000000000
                   .227272700000000                   .994333500000000                 23.581580000000000
                   .136363600000000                   .864000000000000                   .000000000000000
                   .136363600000000                   .869666700000000                   .000000000000000
                   .136363600000000                   .875333400000000                   .000000000000000
                   .136363600000000                   .881000000000000              17643.590000000000000
                   .136363600000000                   .886666700000000              16031.050000000000000
                   .136363600000000                   .892333400000000              14490.780000000000000
                   .136363600000000                   .898000100000000              13023.530000000000000
                   .136363600000000                   .903666700000000              11630.070000000000000
                   .136363600000000                   .909333400000000              10311.200000000000000
                   .136363600000000                   .915000100000000               9067.749000000000000
                   .136363600000000                   .920666800000000               7900.546000000000000
                   .136363600000000                   .926333400000000               6810.326000000000000
                   .136363600000000                   .932000100000000               5797.828000000000000
                   .136363600000000                   .937666800000000               4863.920000000000000
                   .136363600000000                   .943333400000000               4009.548000000000000
                   .136363600000000                   .949000100000000               3235.583000000000000
                   .136363600000000                   .954666800000000               2542.935000000000000
                   .136363600000000                   .960333500000000               1932.481000000000000
                   .136363600000000                   .966000100000000               1404.998000000000000
                   .136363600000000                   .971666800000000                961.184100000000000
                   .136363600000000                   .977333500000000                601.529800000000000
                   .136363600000000                   .983000200000000                326.310900000000000
                   .136363600000000                   .988666800000000                135.011600000000000
                   .136363600000000                   .994333500000000                 26.406690000000000
                   .045454550000000                   .864000000000000                   .000000000000000
                   .045454550000000                   .869666700000000                   .000000000000000
                   .045454550000000                   .875333400000000                   .000000000000000
                   .045454550000000                   .881000000000000              19529.780000000000000
                   .045454550000000                   .886666700000000              17734.060000000000000
                   .045454550000000                   .892333400000000              16020.530000000000000
                   .045454550000000                   .898000100000000              14389.880000000000000
                   .045454550000000                   .903666700000000              12842.760000000000000
                   .045454550000000                   .909333400000000              11379.890000000000000
                   .045454550000000                   .915000100000000              10002.010000000000000
                   .045454550000000                   .920666800000000               8709.849000000000000
                   .045454550000000                   .926333400000000               7504.055000000000000
                   .045454550000000                   .932000100000000               6385.263000000000000
                   .045454550000000                   .937666800000000               5354.252000000000000
                   .045454550000000                   .943333400000000               4411.875000000000000
                   .045454550000000                   .949000100000000               3558.910000000000000
                   .045454550000000                   .954666800000000               2796.174000000000000
                   .045454550000000                   .960333500000000               2124.449000000000000
                   .045454550000000                   .966000100000000               1544.407000000000000
                   .045454550000000                   .971666800000000               1056.642000000000000
                   .045454550000000                   .977333500000000                661.525600000000000
                   .045454550000000                   .983000200000000                359.204200000000000
                   .045454550000000                   .988666800000000                148.991400000000000
                   .045454550000000                   .994333500000000                 29.449950000000000
                  -.045454550000000                   .864000000000000                   .000000000000000
                  -.045454550000000                   .869666700000000                   .000000000000000
                  -.045454550000000                   .875333400000000                   .000000000000000
                  -.045454550000000                   .881000000000000              21486.330000000000000
                  -.045454550000000                   .886666700000000              19499.420000000000000
                  -.045454550000000                   .892333400000000              17605.260000000000000
                  -.045454550000000                   .898000100000000              15804.420000000000000
                  -.045454550000000                   .903666700000000              14097.440000000000000
                  -.045454550000000                   .909333400000000              12484.920000000000000
                  -.045454550000000                   .915000100000000              10967.480000000000000
                  -.045454550000000                   .920666800000000               9545.735000000000000
                  -.045454550000000                   .926333400000000               8220.202000000000000
                  -.045454550000000                   .932000100000000               6991.397000000000000
                  -.045454550000000                   .937666800000000               5859.979000000000000
                  -.045454550000000                   .943333400000000               4826.689000000000000
                  -.045454550000000                   .949000100000000               3892.186000000000000
                  -.045454550000000                   .954666800000000               3057.167000000000000
                  -.045454550000000                   .960333500000000               2322.295000000000000
                  -.045454550000000                   .966000100000000               1688.116000000000000
                  -.045454550000000                   .971666800000000               1155.098000000000000
                  -.045454550000000                   .977333500000000                723.472200000000000
                  -.045454550000000                   .983000200000000                393.237200000000000
                  -.045454550000000                   .988666800000000                163.522600000000000
                  -.045454550000000                   .994333500000000                 32.668830000000000
                  -.136363600000000                   .864000000000000                   .000000000000000
                  -.136363600000000                   .869666700000000                   .000000000000000
                  -.136363600000000                   .875333400000000                   .000000000000000
                  -.136363600000000                   .881000000000000              23467.860000000000000
                  -.136363600000000                   .886666700000000              21286.330000000000000
                  -.136363600000000                   .892333400000000              19208.480000000000000
                  -.136363600000000                   .898000100000000              17234.720000000000000
                  -.136363600000000                   .903666700000000              15365.470000000000000
                  -.136363600000000                   .909333400000000              13601.170000000000000
                  -.136363600000000                   .915000100000000              11942.300000000000000
                  -.136363600000000                   .920666800000000              10389.350000000000000
                  -.136363600000000                   .926333400000000               8942.685000000000000
                  -.136363600000000                   .932000100000000               7602.677000000000000
                  -.136363600000000                   .937666800000000               6369.852000000000000
                  -.136363600000000                   .943333400000000               5244.810000000000000
                  -.136363600000000                   .949000100000000               4228.072000000000000
                  -.136363600000000                   .954666800000000               3320.198000000000000
                  -.136363600000000                   .960333500000000               2521.713000000000000
                  -.136363600000000                   .966000100000000               1833.021000000000000
                  -.136363600000000                   .971666800000000               1254.443000000000000
                  -.136363600000000                   .977333500000000                786.055600000000000
                  -.136363600000000                   .983000200000000                427.698400000000000
                  -.136363600000000                   .988666800000000                178.308600000000000
                  -.136363600000000                   .994333500000000                 36.003110000000000
                  -.227272700000000                   .864000000000000                   .000000000000000
                  -.227272700000000                   .869666700000000                   .000000000000000
                  -.227272700000000                   .875333400000000                   .000000000000000
                  -.227272700000000                   .881000000000000              25421.210000000000000
                  -.227272700000000                   .886666700000000              23047.120000000000000
                  -.227272700000000                   .892333400000000              20787.630000000000000
                  -.227272700000000                   .898000100000000              18643.010000000000000
                  -.227272700000000                   .903666700000000              16613.520000000000000
                  -.227272700000000                   .909333400000000              14699.450000000000000
                  -.227272700000000                   .915000100000000              12901.120000000000000
                  -.227272700000000                   .920666800000000              11218.870000000000000
                  -.227272700000000                   .926333400000000               9652.920000000000000
                  -.227272700000000                   .932000100000000               8203.470000000000000
                  -.227272700000000                   .937666800000000               6870.899000000000000
                  -.227272700000000                   .943333400000000               5655.659000000000000
                  -.227272700000000                   .949000100000000               4558.121000000000000
                  -.227272700000000                   .954666800000000               3578.695000000000000
                  -.227272700000000                   .960333500000000               2717.754000000000000
                  -.227272700000000                   .966000100000000               1975.547000000000000
                  -.227272700000000                   .971666800000000               1352.242000000000000
                  -.227272700000000                   .977333500000000                847.755600000000000
                  -.227272700000000                   .983000200000000                461.758900000000000
                  -.227272700000000                   .988666800000000                192.999000000000000
                  -.227272700000000                   .994333500000000                 39.377150000000000
                  -.318181800000000                   .864000000000000                   .000000000000000
                  -.318181800000000                   .869666700000000                   .000000000000000
                  -.318181800000000                   .875333400000000                   .000000000000000
                  -.318181800000000                   .881000000000000              27289.440000000000000
                  -.318181800000000                   .886666700000000              24730.740000000000000
                  -.318181800000000                   .892333400000000              22297.200000000000000
                  -.318181800000000                   .898000100000000              19988.930000000000000
                  -.318181800000000                   .903666700000000              17806.050000000000000
                  -.318181800000000                   .909333400000000              15748.670000000000000
                  -.318181800000000                   .915000100000000              13816.960000000000000
                  -.318181800000000                   .920666800000000              12011.110000000000000
                  -.318181800000000                   .926333400000000              10331.160000000000000
                  -.318181800000000                   .932000100000000               8777.170000000000000
                  -.318181800000000                   .937666800000000               7349.358000000000000
                  -.318181800000000                   .943333400000000               6048.022000000000000
                  -.318181800000000                   .949000100000000               4873.380000000000000
                  -.318181800000000                   .954666800000000               3825.686000000000000
                  -.318181800000000                   .960333500000000               2905.160000000000000
                  -.318181800000000                   .966000100000000               2111.897000000000000
                  -.318181800000000                   .971666800000000               1445.908000000000000
                  -.318181800000000                   .977333500000000                906.949000000000000
                  -.318181800000000                   .983000200000000                494.528200000000000
                  -.318181800000000                   .988666800000000                207.212600000000000
                  -.318181800000000                   .994333500000000                 42.704490000000000
                  -.409090900000000                   .864000000000000                   .000000000000000
                  -.409090900000000                   .869666700000000                   .000000000000000
                  -.409090900000000                   .875333400000000                   .000000000000000
                  -.409090900000000                   .881000000000000              29016.640000000000000
                  -.409090900000000                   .886666700000000              26287.130000000000000
                  -.409090900000000                   .892333400000000              23692.580000000000000
                  -.409090900000000                   .898000100000000              21232.970000000000000
                  -.409090900000000                   .903666700000000              18908.260000000000000
                  -.409090900000000                   .909333400000000              16718.400000000000000
                  -.409090900000000                   .915000100000000              14663.420000000000000
                  -.409090900000000                   .920666800000000              12743.350000000000000
                  -.409090900000000                   .926333400000000              10958.090000000000000
                  -.409090900000000                   .932000100000000               9307.541000000000000
                  -.409090900000000                   .937666800000000               7791.770000000000000
                  -.409090900000000                   .943333400000000               6410.928000000000000
                  -.409090900000000                   .949000100000000               5165.084000000000000
                  -.409090900000000                   .954666800000000               4054.345000000000000
                  -.409090900000000                   .960333500000000               3078.784000000000000
                  -.409090900000000                   .966000100000000               2238.345000000000000
                  -.409090900000000                   .971666800000000               1532.894000000000000
                  -.409090900000000                   .977333500000000                962.033900000000000
                  -.409090900000000                   .983000200000000                525.122600000000000
                  -.409090900000000                   .988666800000000                220.566200000000000
                  -.409090900000000                   .994333500000000                 45.894470000000000
                  -.500000000000000                   .864000000000000                   .000000000000000
                  -.500000000000000                   .869666700000000                   .000000000000000
                  -.500000000000000                   .875333400000000                   .000000000000000
                  -.500000000000000                   .881000000000000              30552.860000000000000
                  -.500000000000000                   .886666700000000              27671.530000000000000
                  -.500000000000000                   .892333400000000              24933.900000000000000
                  -.500000000000000                   .898000100000000              22339.800000000000000
                  -.500000000000000                   .903666700000000              19889.030000000000000
                  -.500000000000000                   .909333400000000              17581.440000000000000
                  -.500000000000000                   .915000100000000              15416.900000000000000
                  -.500000000000000                   .920666800000000              13395.320000000000000
                  -.500000000000000                   .926333400000000              11516.450000000000000
                  -.500000000000000                   .932000100000000               9780.063000000000000
                  -.500000000000000                   .937666800000000               8186.091000000000000
                  -.500000000000000                   .943333400000000               6734.553000000000000
                  -.500000000000000                   .949000100000000               5425.381000000000000
                  -.500000000000000                   .954666800000000               4258.549000000000000
                  -.500000000000000                   .960333500000000               3233.997000000000000
                  -.500000000000000                   .966000100000000               2351.536000000000000
                  -.500000000000000                   .971666800000000               1610.899000000000000
                  -.500000000000000                   .977333500000000               1011.557000000000000
                  -.500000000000000                   .983000200000000                552.734700000000000
                  -.500000000000000                   .988666800000000                232.705200000000000
                  -.500000000000000                   .994333500000000                 48.859530000000000
                  -.590909100000000                   .864000000000000                   .000000000000000
                  -.590909100000000                   .869666700000000                   .000000000000000
                  -.590909100000000                   .875333400000000                   .000000000000000
                  -.590909100000000                   .881000000000000              31858.150000000000000
                  -.590909100000000                   .886666700000000              28848.190000000000000
                  -.590909100000000                   .892333400000000              25989.270000000000000
                  -.590909100000000                   .898000100000000              23281.140000000000000
                  -.590909100000000                   .903666700000000              20723.460000000000000
                  -.590909100000000                   .909333400000000              18315.990000000000000
                  -.590909100000000                   .915000100000000              16058.480000000000000
                  -.590909100000000                   .920666800000000              13950.720000000000000
                  -.590909100000000                   .926333400000000              11992.360000000000000
                  -.590909100000000                   .932000100000000              10183.050000000000000
                  -.590909100000000                   .937666800000000               8522.622000000000000
                  -.590909100000000                   .943333400000000               7010.974000000000000
                  -.590909100000000                   .949000100000000               5647.925000000000000
                  -.590909100000000                   .954666800000000               4433.340000000000000
                  -.590909100000000                   .960333500000000               3367.043000000000000
                  -.590909100000000                   .966000100000000               2448.736000000000000
                  -.590909100000000                   .971666800000000               1678.041000000000000
                  -.590909100000000                   .977333500000000               1054.321000000000000
                  -.590909100000000                   .983000200000000                576.694400000000000
                  -.590909100000000                   .988666800000000                243.330900000000000
                  -.590909100000000                   .994333500000000                 51.522370000000000
                  -.681818200000000                   .864000000000000                   .000000000000000
                  -.681818200000000                   .869666700000000                   .000000000000000
                  -.681818200000000                   .875333400000000                   .000000000000000
                  -.681818200000000                   .881000000000000              32905.290000000000000
                  -.681818200000000                   .886666700000000              29792.660000000000000
                  -.681818200000000                   .892333400000000              26836.880000000000000
                  -.681818200000000                   .898000100000000              24037.610000000000000
                  -.681818200000000                   .903666700000000              21394.450000000000000
                  -.681818200000000                   .909333400000000              18907.050000000000000
                  -.681818200000000                   .915000100000000              16575.120000000000000
                  -.681818200000000                   .920666800000000              14398.310000000000000
                  -.681818200000000                   .926333400000000              12376.220000000000000
                  -.681818200000000                   .932000100000000              10508.410000000000000
                  -.681818200000000                   .937666800000000               8794.622000000000000
                  -.681818200000000                   .943333400000000               7234.667000000000000
                  -.681818200000000                   .949000100000000               5828.280000000000000
                  -.681818200000000                   .954666800000000               4575.236000000000000
                  -.681818200000000                   .960333500000000               3475.273000000000000
                  -.681818200000000                   .966000100000000               2528.007000000000000
                  -.681818200000000                   .971666800000000               1732.978000000000000
                  -.681818200000000                   .977333500000000               1089.466000000000000
                  -.681818200000000                   .983000200000000                596.512500000000000
                  -.681818200000000                   .988666800000000                252.219800000000000
                  -.681818200000000                   .994333500000000                 53.821440000000000
                  -.772727300000000                   .864000000000000                   .000000000000000
                  -.772727300000000                   .869666700000000                   .000000000000000
                  -.772727300000000                   .875333400000000                   .000000000000000
                  -.772727300000000                   .881000000000000              33680.660000000000000
                  -.772727300000000                   .886666700000000              30492.670000000000000
                  -.772727300000000                   .892333400000000              27465.710000000000000
                  -.772727300000000                   .898000100000000              24599.420000000000000
                  -.772727300000000                   .903666700000000              21893.310000000000000
                  -.772727300000000                   .909333400000000              19347.000000000000000
                  -.772727300000000                   .915000100000000              16960.120000000000000
                  -.772727300000000                   .920666800000000              14732.300000000000000
                  -.772727300000000                   .926333400000000              12663.060000000000000
                  -.772727300000000                   .932000100000000              10751.920000000000000
                  -.772727300000000                   .937666800000000               8998.556000000000000
                  -.772727300000000                   .943333400000000               7402.716000000000000
                  -.772727300000000                   .949000100000000               5964.082000000000000
                  -.772727300000000                   .954666800000000               4682.366000000000000
                  -.772727300000000                   .960333500000000               3557.247000000000000
                  -.772727300000000                   .966000100000000               2588.283000000000000
                  -.772727300000000                   .971666800000000               1774.958000000000000
                  -.772727300000000                   .977333500000000               1116.499000000000000
                  -.772727300000000                   .983000200000000                611.900600000000000
                  -.772727300000000                   .988666800000000                259.234000000000000
                  -.772727300000000                   .994333500000000                 55.714340000000000
                  -.863636400000000                   .864000000000000                   .000000000000000
                  -.863636400000000                   .869666700000000                   .000000000000000
                  -.863636400000000                   .875333400000000                   .000000000000000
                  -.863636400000000                   .881000000000000              34183.680000000000000
                  -.863636400000000                   .886666700000000              30947.620000000000000
                  -.863636400000000                   .892333400000000              27875.170000000000000
                  -.863636400000000                   .898000100000000              24965.940000000000000
                  -.863636400000000                   .903666700000000              22219.420000000000000
                  -.863636400000000                   .909333400000000              19635.220000000000000
                  -.863636400000000                   .915000100000000              17212.920000000000000
                  -.863636400000000                   .920666800000000              14952.140000000000000
                  -.863636400000000                   .926333400000000              12852.370000000000000
                  -.863636400000000                   .932000100000000              10913.100000000000000
                  -.863636400000000                   .937666800000000               9133.980000000000000
                  -.863636400000000                   .943333400000000               7514.723000000000000
                  -.863636400000000                   .949000100000000               6054.978000000000000
                  -.863636400000000                   .954666800000000               4754.421000000000000
                  -.863636400000000                   .960333500000000               3612.701000000000000
                  -.863636400000000                   .966000100000000               2629.345000000000000
                  -.863636400000000                   .971666800000000               1803.806000000000000
                  -.863636400000000                   .977333500000000               1135.290000000000000
                  -.863636400000000                   .983000200000000                622.770800000000000
                  -.863636400000000                   .988666800000000                264.321900000000000
                  -.863636400000000                   .994333500000000                 57.178850000000000
                  -.954545400000000                   .864000000000000                   .000000000000000
                  -.954545400000000                   .869666700000000                   .000000000000000
                  -.954545400000000                   .875333400000000                   .000000000000000
                  -.954545400000000                   .881000000000000              34424.980000000000000
                  -.954545400000000                   .886666700000000              31166.950000000000000
                  -.954545400000000                   .892333400000000              28073.580000000000000
                  -.954545400000000                   .898000100000000              25144.480000000000000
                  -.954545400000000                   .903666700000000              22379.170000000000000
                  -.954545400000000                   .909333400000000              19777.230000000000000
                  -.954545400000000                   .915000100000000              17338.250000000000000
                  -.954545400000000                   .920666800000000              15061.860000000000000
                  -.954545400000000                   .926333400000000              12947.520000000000000
                  -.954545400000000                   .932000100000000              10994.750000000000000
                  -.954545400000000                   .937666800000000               9203.169000000000000
                  -.954545400000000                   .943333400000000               7572.501000000000000
                  -.954545400000000                   .949000100000000               6102.377000000000000
                  -.954545400000000                   .954666800000000               4792.469000000000000
                  -.954545400000000                   .960333500000000               3642.413000000000000
                  -.954545400000000                   .966000100000000               2651.729000000000000
                  -.954545400000000                   .971666800000000               1819.868000000000000
                  -.954545400000000                   .977333500000000               1146.036000000000000
                  -.954545400000000                   .983000200000000                629.214600000000000
                  -.954545400000000                   .988666800000000                267.510400000000000
                  -.954545400000000                   .994333500000000                 58.211850000000000
