 Tion(24)
                294.000000000000000
                287.000000000000000
                280.000000000000000
                274.000000000000000
                267.000000000000000
                261.000000000000000
                255.000000000000000
                249.000000000000000
                244.000000000000000
                238.000000000000000
                233.000000000000000
                228.000000000000000
                223.000000000000000
                218.000000000000000
                213.000000000000000
                209.000000000000000
                204.000000000000000
                200.000000000000000
                196.000000000000000
                192.000000000000000
                189.000000000000000
                185.000000000000000
                182.000000000000000
                178.000000000000000
                175.000000000000000
                   .000000000000000
