 forblC(24)
                   .000000000000000
                   .000000000000000
                   .000000000000000
                   .000000000000000
                   .000000000000000
                   .000000000000000
                   .000000000000000
                   .000000000000000
                   .000000000000000
                   .000000000000000
                   .000000000000000
                   .000000000000000
                   .000000000000000
                   .000000000000000
                   .000000022928400
                   .000000128399100
                   .000001785358000
                   .000022301690000
                   .000210569900000
                   .001483182000000
                   .007842336000000
                   .030232510000000
                   .099928060000000
                   .361658700000000
