 forbl(24)
                   .000002103299000
                   .000011539100000
                   .000019637410000
                   .000033276750000
                   .000056145540000
                   .000094318270000
                   .000160076900000
                   .000264115300000
                   .000431058600000
                   .000694295000000
                   .001101214000000
                   .001737477000000
                   .002654062000000
                   .003978405000000
                   .005868870000000
                   .008553589000000
                   .012386360000000
                   .018096740000000
                   .026534420000000
                   .040524720000000
                   .067412850000000
                   .124702500000000
                   .243158700000000
                   .409581900000000
                   .000000000000000
                   .000000000000000
