 xmorbl(24)
                   .000006065758000
                   .000030866270000
                   .000051043310000
                   .000084018790000
                   .000137538100000
                   .000223628600000
                   .000366392300000
                   .000583266100000
                   .000916790600000
                   .001419484000000
                   .002160483000000
                   .003261264000000
                   .004763723000000
                   .006815086000000
                   .009569637000000
                   .013222690000000
                   .018025730000000
                   .024407690000000
                   .032201470000000
                   .041150910000000
                   .049223140000000
                   .050033880000000
                   .034072630000000
                   .008049443000000
                   .000000000000000
                   .000000000000000
