 minEtta(22,24)
                 10.735720000000000
                 13.209890000000000
                 16.667620000000000
                 21.000000000000000
                 21.000000000000000
                 21.000000000000000
                 21.000000000000000
                 21.000000000000000
                 21.000000000000000
                 21.000000000000000
                 21.000000000000000
                 21.000000000000000
                 21.000000000000000
                 21.000000000000000
                 21.000000000000000
                 21.000000000000000
                 21.000000000000000
                 21.000000000000000
                 21.000000000000000
                 21.000000000000000
                 21.000000000000000
                 21.000000000000000
                  9.014810000000000
                 10.950800000000000
                 13.574830000000000
                 17.249520000000000
                 21.000000000000000
                 21.000000000000000
                 21.000000000000000
                 21.000000000000000
                 21.000000000000000
                 21.000000000000000
                 21.000000000000000
                 21.000000000000000
                 21.000000000000000
                 21.000000000000000
                 21.000000000000000
                 21.000000000000000
                 21.000000000000000
                 21.000000000000000
                 21.000000000000000
                 21.000000000000000
                 21.000000000000000
                 21.000000000000000
                  8.475537000000000
                 10.298130000000000
                 12.769780000000000
                 16.233630000000000
                 21.000000000000000
                 21.000000000000000
                 21.000000000000000
                 21.000000000000000
                 21.000000000000000
                 21.000000000000000
                 21.000000000000000
                 21.000000000000000
                 21.000000000000000
                 21.000000000000000
                 21.000000000000000
                 21.000000000000000
                 21.000000000000000
                 21.000000000000000
                 21.000000000000000
                 21.000000000000000
                 21.000000000000000
                 21.000000000000000
                  7.940428000000000
                  9.650192000000000
                 11.970090000000000
                 15.223670000000000
                 19.975850000000000
                 21.000000000000000
                 21.000000000000000
                 21.000000000000000
                 21.000000000000000
                 21.000000000000000
                 21.000000000000000
                 21.000000000000000
                 21.000000000000000
                 21.000000000000000
                 21.000000000000000
                 21.000000000000000
                 21.000000000000000
                 21.000000000000000
                 21.000000000000000
                 21.000000000000000
                 21.000000000000000
                 21.000000000000000
                  7.410590000000000
                  9.008354000000000
                 11.177450000000000
                 14.221780000000000
                 18.672950000000000
                 21.000000000000000
                 21.000000000000000
                 21.000000000000000
                 21.000000000000000
                 21.000000000000000
                 21.000000000000000
                 21.000000000000000
                 21.000000000000000
                 21.000000000000000
                 21.000000000000000
                 21.000000000000000
                 21.000000000000000
                 21.000000000000000
                 21.000000000000000
                 21.000000000000000
                 21.000000000000000
                 21.000000000000000
                  6.887348000000000
                  8.374229000000000
                 10.393870000000000
                 13.230530000000000
                 17.382380000000000
                 21.000000000000000
                 21.000000000000000
                 21.000000000000000
                 21.000000000000000
                 21.000000000000000
                 21.000000000000000
                 21.000000000000000
                 21.000000000000000
                 21.000000000000000
                 21.000000000000000
                 21.000000000000000
                 21.000000000000000
                 21.000000000000000
                 21.000000000000000
                 21.000000000000000
                 21.000000000000000
                 21.000000000000000
                  6.355045000000000
                  7.728780000000000
                  9.595735000000000
                 12.219850000000000
                 16.064620000000000
                 20.113570000000000
                 21.000000000000000
                 21.000000000000000
                 21.000000000000000
                 21.000000000000000
                 21.000000000000000
                 21.000000000000000
                 21.000000000000000
                 21.000000000000000
                 21.000000000000000
                 21.000000000000000
                 21.000000000000000
                 21.000000000000000
                 21.000000000000000
                 21.000000000000000
                 21.000000000000000
                 21.000000000000000
                  5.853036000000000
                  7.119880000000000
                  8.842476000000000
                 11.265450000000000
                 14.819200000000000
                 18.487180000000000
                 20.465810000000000
                 21.000000000000000
                 21.000000000000000
                 21.000000000000000
                 21.000000000000000
                 21.000000000000000
                 21.000000000000000
                 21.000000000000000
                 21.000000000000000
                 21.000000000000000
                 21.000000000000000
                 21.000000000000000
                 21.000000000000000
                 21.000000000000000
                 21.000000000000000
                 21.000000000000000
                  5.364087000000000
                  6.526580000000000
                  8.108114000000000
                 10.334290000000000
                 13.602780000000000
                 16.896090000000000
                 18.684330000000000
                 20.513240000000000
                 21.000000000000000
                 21.000000000000000
                 21.000000000000000
                 21.000000000000000
                 21.000000000000000
                 21.000000000000000
                 21.000000000000000
                 21.000000000000000
                 21.000000000000000
                 21.000000000000000
                 21.000000000000000
                 21.000000000000000
                 21.000000000000000
                 21.000000000000000
                  4.890784000000000
                  5.952038000000000
                  7.396598000000000
                  9.431434000000000
                 12.422060000000000
                 15.348420000000000
                 16.952610000000000
                 18.596370000000000
                 20.342980000000000
                 21.000000000000000
                 21.000000000000000
                 21.000000000000000
                 21.000000000000000
                 21.000000000000000
                 21.000000000000000
                 21.000000000000000
                 21.000000000000000
                 21.000000000000000
                 21.000000000000000
                 21.000000000000000
                 21.000000000000000
                 21.000000000000000
                  4.435473000000000
                  5.399127000000000
                  6.711516000000000
                  8.561495000000000
                 11.282190000000000
                 13.851390000000000
                 15.278480000000000
                 16.744990000000000
                 18.301050000000000
                 19.928570000000000
                 21.000000000000000
                 21.000000000000000
                 21.000000000000000
                 21.000000000000000
                 21.000000000000000
                 21.000000000000000
                 21.000000000000000
                 21.000000000000000
                 21.000000000000000
                 21.000000000000000
                 21.000000000000000
                 21.000000000000000
                  3.988676000000000
                  4.856322000000000
                  6.038564000000000
                  7.706259000000000
                 10.140790000000000
                 12.375060000000000
                 13.628860000000000
                 14.922730000000000
                 16.293490000000000
                 17.724980000000000
                 19.195190000000000
                 20.676620000000000
                 21.000000000000000
                 21.000000000000000
                 21.000000000000000
                 21.000000000000000
                 21.000000000000000
                 21.000000000000000
                 21.000000000000000
                 21.000000000000000
                 21.000000000000000
                 21.000000000000000
                  3.577286000000000
                  4.356383000000000
                  5.418502000000000
                  6.917790000000000
                  9.085512000000000
                 11.003050000000000
                 12.095810000000000
                 13.230300000000000
                 14.430160000000000
                 15.681020000000000
                 16.963500000000000
                 18.253580000000000
                 19.523550000000000
                 20.743590000000000
                 21.000000000000000
                 21.000000000000000
                 21.000000000000000
                 21.000000000000000
                 21.000000000000000
                 21.000000000000000
                 21.000000000000000
                 21.000000000000000
                  3.188658000000000
                  3.883937000000000
                  4.832261000000000
                  6.171834000000000
                  8.084592000000000
                  9.697446000000000
                 10.637700000000000
                 11.622070000000000
                 12.661150000000000
                 13.742310000000000
                 14.848630000000000
                 15.959330000000000
                 17.050590000000000
                 18.096880000000000
                 19.072670000000000
                 19.954210000000000
                 20.721150000000000
                 21.000000000000000
                 21.000000000000000
                 21.000000000000000
                 21.000000000000000
                 21.000000000000000
                  2.821202000000000
                  3.437077000000000
                  4.277508000000000
                  5.465480000000000
                  7.134784000000000
                  8.456954000000000
                  9.253616000000000
                 10.097090000000000
                 10.985530000000000
                 11.907910000000000
                 12.849680000000000
                 13.793050000000000
                 14.717810000000000
                 15.602430000000000
                 16.425430000000000
                 17.166970000000000
                 17.810140000000000
                 18.342100000000000
                 18.754670000000000
                 19.044520000000000
                 19.212880000000000
                 19.264940000000000
                  2.473501000000000
                  3.014095000000000
                  3.752156000000000
                  4.796126000000000
                  6.233213000000000
                  7.273938000000000
                  7.943049000000000
                  8.654879000000000
                  9.402832000000000
                 10.177430000000000
                 10.966300000000000
                 11.754470000000000
                 12.525050000000000
                 13.260170000000000
                 13.942110000000000
                 14.554560000000000
                 15.083760000000000
                 15.519320000000000
                 15.854740000000000
                 16.087520000000000
                 16.218930000000000
                 16.253480000000000
                  2.145828000000000
                  2.615345000000000
                  3.256672000000000
                  4.164422000000000
                  5.329652000000000
                  6.153082000000000
                  6.708858000000000
                  7.298521000000000
                  7.916373000000000
                  8.554391000000000
                  9.202242000000000
                  9.847565000000000
                 10.476510000000000
                 11.074540000000000
                 11.627330000000000
                 12.121830000000000
                 12.547060000000000
                 12.894850000000000
                 13.160210000000000
                 13.341360000000000
                 13.439600000000000
                 13.458770000000000
                  1.833234000000000
                  2.234804000000000
                  2.783582000000000
                  3.560846000000000
                  4.461909000000000
                  5.085360000000000
                  5.534911000000000
                  6.010347000000000
                  6.506855000000000
                  7.017803000000000
                  7.534780000000000
                  8.047838000000000
                  8.545949000000000
                  9.017625000000000
                  9.451668000000000
                  9.837932000000000
                 10.168000000000000
                 10.435690000000000
                 10.637340000000000
                 10.771830000000000
                 10.840420000000000
                 10.846360000000000
                  1.555497000000000
                  1.896600000000000
                  2.362961000000000
                  3.011913000000000
                  3.680510000000000
                  4.123995000000000
                  4.479036000000000
                  4.853038000000000
                  5.242007000000000
                  5.640568000000000
                  6.042022000000000
                  6.438562000000000
                  6.821634000000000
                  7.182427000000000
                  7.512444000000000
                  7.804076000000000
                  8.051104000000000
                  8.249056000000000
                  8.395406000000000
                  8.489574000000000
                  8.532768000000000
                  8.527715000000000
                  1.304456000000000
                  1.590811000000000
                  1.982494000000000
                  2.491799000000000
                  2.957314000000000
                  3.245849000000000
                  3.516028000000000
                  3.799207000000000
                  4.092160000000000
                  4.390669000000000
                  4.689588000000000
                  4.983015000000000
                  5.264588000000000
                  5.527845000000000
                  5.766643000000000
                  5.975568000000000
                  6.150289000000000
                  6.287792000000000
                  6.386507000000000
                  6.446280000000000
                  6.468256000000000
                  6.454655000000000
                  1.072008000000000
                  1.307583000000000
                  1.618261000000000
                  1.955342000000000
                  2.245271000000000
                  2.440175000000000
                  2.634655000000000
                  2.837173000000000
                  3.045244000000000
                  3.255721000000000
                  3.464857000000000
                  3.668447000000000
                  3.862043000000000
                  4.041207000000000
                  4.201808000000000
                  4.340285000000000
                  4.453875000000000
                  4.540757000000000
                  4.600114000000000
                  4.632104000000000
                  4.637750000000000
                  4.618790000000000
                   .834671000000000
                  1.009929000000000
                  1.214447000000000
                  1.410830000000000
                  1.561557000000000
                  1.683033000000000
                  1.810011000000000
                  1.941158000000000
                  2.074731000000000
                  2.208591000000000
                  2.340266000000000
                  2.467048000000000
                  2.586142000000000
                  2.694824000000000
                  2.790623000000000
                  2.871478000000000
                  2.935863000000000
                  2.982859000000000
                  3.012181000000000
                  3.024136000000000
                  3.019556000000000
                  2.999685000000000
                   .553951200000000
                   .647874500000000
                   .743929900000000
                   .833232900000000
                   .901220300000000
                   .966915500000000
                  1.034920000000000
                  1.104424000000000
                  1.174420000000000
                  1.243712000000000
                  1.310967000000000
                  1.374765000000000
                  1.433684000000000
                  1.486381000000000
                  1.531682000000000
                  1.568653000000000
                  1.596655000000000
                  1.615371000000000
                  1.624805000000000
                  1.625255000000000
                  1.617270000000000
                  1.601587000000000
                   .247169200000000
                   .279483600000000
                   .304759500000000
                   .327905000000000
                   .350173900000000
                   .373137100000000
                   .396531300000000
                   .420029800000000
                   .443248100000000
                   .465754300000000
                   .487087200000000
                   .506779600000000
                   .524385000000000
                   .539505500000000
                   .551816700000000
                   .561087700000000
                   .567192400000000
                   .570112200000000
                   .569930400000000
                   .566818700000000
                   .561019200000000
                   .552824900000000
                 21.000000000000000
                 21.000000000000000
                 21.000000000000000
                 21.000000000000000
                 21.000000000000000
                 21.000000000000000
                 21.000000000000000
                 21.000000000000000
                 21.000000000000000
                 21.000000000000000
                 21.000000000000000
                 21.000000000000000
                 21.000000000000000
                 21.000000000000000
                 21.000000000000000
                 21.000000000000000
                 21.000000000000000
                 21.000000000000000
                 21.000000000000000
                 21.000000000000000
                 21.000000000000000
                 21.000000000000000
                 21.000000000000000
                 21.000000000000000
                 21.000000000000000
                 21.000000000000000
                 21.000000000000000
                 21.000000000000000
                 21.000000000000000
                 21.000000000000000
                 21.000000000000000
                 21.000000000000000
                 21.000000000000000
                 21.000000000000000
                 21.000000000000000
                 21.000000000000000
                 21.000000000000000
                 21.000000000000000
                 21.000000000000000
                 21.000000000000000
                 21.000000000000000
                 21.000000000000000
                 21.000000000000000
                 21.000000000000000
                 21.000000000000000
                 21.000000000000000
                 21.000000000000000
                 21.000000000000000
                 21.000000000000000
                 21.000000000000000
                 21.000000000000000
                 21.000000000000000
                 21.000000000000000
                 21.000000000000000
                 21.000000000000000
                 21.000000000000000
                 21.000000000000000
                 21.000000000000000
                 21.000000000000000
                 21.000000000000000
                 21.000000000000000
                 21.000000000000000
                 21.000000000000000
                 21.000000000000000
                 21.000000000000000
                 21.000000000000000
                 21.000000000000000
                 21.000000000000000
                 21.000000000000000
                 21.000000000000000
                 21.000000000000000
                 21.000000000000000
                 21.000000000000000
                 21.000000000000000
                 21.000000000000000
                 21.000000000000000
                 21.000000000000000
                 21.000000000000000
                 21.000000000000000
                 21.000000000000000
                 21.000000000000000
                 21.000000000000000
                 21.000000000000000
                 21.000000000000000
                 21.000000000000000
                 21.000000000000000
                 21.000000000000000
                 21.000000000000000
                 21.000000000000000
                 21.000000000000000
                 21.000000000000000
                 21.000000000000000
                 21.000000000000000
                 21.000000000000000
                 21.000000000000000
                 21.000000000000000
                 21.000000000000000
                 21.000000000000000
                 21.000000000000000
                 21.000000000000000
                 21.000000000000000
                 21.000000000000000
                 21.000000000000000
                 21.000000000000000
                 21.000000000000000
                 21.000000000000000
                 21.000000000000000
                 21.000000000000000
                 21.000000000000000
                 21.000000000000000
                 21.000000000000000
                 21.000000000000000
                 21.000000000000000
                 21.000000000000000
                 21.000000000000000
                 21.000000000000000
                 21.000000000000000
                 21.000000000000000
                 21.000000000000000
                 21.000000000000000
                 21.000000000000000
                 21.000000000000000
                 21.000000000000000
                 21.000000000000000
                 21.000000000000000
                 21.000000000000000
                 21.000000000000000
                 21.000000000000000
                 21.000000000000000
                 21.000000000000000
                 21.000000000000000
                 21.000000000000000
                 21.000000000000000
                 21.000000000000000
                 21.000000000000000
                 21.000000000000000
                 21.000000000000000
                 21.000000000000000
                 21.000000000000000
                 21.000000000000000
                 21.000000000000000
                 21.000000000000000
                 21.000000000000000
                 21.000000000000000
                 21.000000000000000
                 21.000000000000000
                 21.000000000000000
                 21.000000000000000
                 21.000000000000000
                 21.000000000000000
                 21.000000000000000
                 21.000000000000000
                 21.000000000000000
                 21.000000000000000
                 21.000000000000000
                 21.000000000000000
                 21.000000000000000
                 21.000000000000000
                 21.000000000000000
                 21.000000000000000
                 21.000000000000000
                 21.000000000000000
                 21.000000000000000
                 21.000000000000000
                 21.000000000000000
                 21.000000000000000
                 21.000000000000000
                 21.000000000000000
                 21.000000000000000
                 21.000000000000000
                 21.000000000000000
                 21.000000000000000
                 21.000000000000000
                 21.000000000000000
                 21.000000000000000
                 21.000000000000000
                 21.000000000000000
                 21.000000000000000
                 21.000000000000000
                 21.000000000000000
                 21.000000000000000
                 21.000000000000000
                 21.000000000000000
                 21.000000000000000
                 21.000000000000000
                 21.000000000000000
                 21.000000000000000
                 21.000000000000000
                 21.000000000000000
                 21.000000000000000
                 21.000000000000000
                 21.000000000000000
                 21.000000000000000
                 21.000000000000000
                 21.000000000000000
                 21.000000000000000
                 21.000000000000000
                 21.000000000000000
                 21.000000000000000
                 21.000000000000000
                 21.000000000000000
                 21.000000000000000
                 21.000000000000000
                 21.000000000000000
                 21.000000000000000
                 21.000000000000000
                 21.000000000000000
                 21.000000000000000
                 21.000000000000000
                 21.000000000000000
                 21.000000000000000
                 21.000000000000000
                 21.000000000000000
                 21.000000000000000
                 21.000000000000000
                 21.000000000000000
                 21.000000000000000
                 21.000000000000000
                 21.000000000000000
                 21.000000000000000
                 21.000000000000000
                 21.000000000000000
                 21.000000000000000
                 21.000000000000000
                 21.000000000000000
                 21.000000000000000
                 21.000000000000000
                 21.000000000000000
                 21.000000000000000
                 21.000000000000000
                 21.000000000000000
                 21.000000000000000
                 21.000000000000000
                 21.000000000000000
                 21.000000000000000
                 21.000000000000000
                 21.000000000000000
                 21.000000000000000
                 21.000000000000000
                 21.000000000000000
                 21.000000000000000
                 21.000000000000000
                 21.000000000000000
                 21.000000000000000
                 21.000000000000000
                 21.000000000000000
                 21.000000000000000
                 21.000000000000000
                 21.000000000000000
                 21.000000000000000
                 21.000000000000000
                 21.000000000000000
                 21.000000000000000
                 21.000000000000000
                 21.000000000000000
                 21.000000000000000
                 21.000000000000000
                 21.000000000000000
                 21.000000000000000
                 21.000000000000000
                 21.000000000000000
                 21.000000000000000
                 21.000000000000000
                 21.000000000000000
                 21.000000000000000
                 21.000000000000000
                 21.000000000000000
                 21.000000000000000
                 21.000000000000000
                 21.000000000000000
                 21.000000000000000
                 21.000000000000000
                 21.000000000000000
                 21.000000000000000
                 21.000000000000000
                 21.000000000000000
                 21.000000000000000
                 21.000000000000000
                 21.000000000000000
                 21.000000000000000
                 21.000000000000000
                 21.000000000000000
                 21.000000000000000
                 21.000000000000000
                 21.000000000000000
                 21.000000000000000
                 19.131940000000000
                 21.000000000000000
                 21.000000000000000
                 21.000000000000000
                 21.000000000000000
                 21.000000000000000
                 21.000000000000000
                 21.000000000000000
                 21.000000000000000
                 21.000000000000000
                 21.000000000000000
                 21.000000000000000
                 21.000000000000000
                 21.000000000000000
                 21.000000000000000
                 21.000000000000000
                 21.000000000000000
                 21.000000000000000
                 21.000000000000000
                 21.000000000000000
                 21.000000000000000
                 21.000000000000000
                 16.927210000000000
                 20.622460000000000
                 21.000000000000000
                 21.000000000000000
                 21.000000000000000
                 21.000000000000000
                 21.000000000000000
                 21.000000000000000
                 21.000000000000000
                 21.000000000000000
                 21.000000000000000
                 21.000000000000000
                 21.000000000000000
                 21.000000000000000
                 21.000000000000000
                 21.000000000000000
                 21.000000000000000
                 21.000000000000000
                 21.000000000000000
                 21.000000000000000
                 21.000000000000000
                 21.000000000000000
                 14.841010000000000
                 18.084570000000000
                 21.000000000000000
                 21.000000000000000
                 21.000000000000000
                 21.000000000000000
                 21.000000000000000
                 21.000000000000000
                 21.000000000000000
                 21.000000000000000
                 21.000000000000000
                 21.000000000000000
                 21.000000000000000
                 21.000000000000000
                 21.000000000000000
                 21.000000000000000
                 21.000000000000000
                 21.000000000000000
                 21.000000000000000
                 21.000000000000000
                 21.000000000000000
                 21.000000000000000
                 12.874970000000000
                 15.692070000000000
                 19.540030000000000
                 21.000000000000000
                 21.000000000000000
                 21.000000000000000
                 21.000000000000000
                 21.000000000000000
                 21.000000000000000
                 21.000000000000000
                 21.000000000000000
                 21.000000000000000
                 21.000000000000000
                 21.000000000000000
                 21.000000000000000
                 21.000000000000000
                 21.000000000000000
                 21.000000000000000
                 21.000000000000000
                 21.000000000000000
                 21.000000000000000
                 21.000000000000000
                 10.999400000000000
                 13.408830000000000
                 16.701500000000000
                 21.000000000000000
                 21.000000000000000
                 21.000000000000000
                 21.000000000000000
                 21.000000000000000
                 21.000000000000000
                 21.000000000000000
                 21.000000000000000
                 21.000000000000000
                 21.000000000000000
                 21.000000000000000
                 21.000000000000000
                 21.000000000000000
                 21.000000000000000
                 21.000000000000000
                 21.000000000000000
                 21.000000000000000
                 21.000000000000000
                 21.000000000000000
                  9.332981000000000
                 11.379600000000000
                 14.177770000000000
                 18.071470000000000
                 21.000000000000000
                 21.000000000000000
                 21.000000000000000
                 21.000000000000000
                 21.000000000000000
                 21.000000000000000
                 21.000000000000000
                 21.000000000000000
                 21.000000000000000
                 21.000000000000000
                 21.000000000000000
                 21.000000000000000
                 21.000000000000000
                 21.000000000000000
                 21.000000000000000
                 21.000000000000000
                 21.000000000000000
                 21.000000000000000
                  7.826735000000000
                  9.544867000000000
                 11.894970000000000
                 14.950790000000000
                 17.743880000000000
                 19.475090000000000
                 21.000000000000000
                 21.000000000000000
                 21.000000000000000
                 21.000000000000000
                 21.000000000000000
                 21.000000000000000
                 21.000000000000000
                 21.000000000000000
                 21.000000000000000
                 21.000000000000000
                 21.000000000000000
                 21.000000000000000
                 21.000000000000000
                 21.000000000000000
                 21.000000000000000
                 21.000000000000000
                  6.432049000000000
                  7.845496000000000
                  9.709567000000000
                 11.732050000000000
                 13.471630000000000
                 14.641050000000000
                 15.807930000000000
                 17.023040000000000
                 18.271470000000000
                 19.534330000000000
                 20.789140000000000
                 21.000000000000000
                 21.000000000000000
                 21.000000000000000
                 21.000000000000000
                 21.000000000000000
                 21.000000000000000
                 21.000000000000000
                 21.000000000000000
                 21.000000000000000
                 21.000000000000000
                 21.000000000000000
                  5.008026000000000
                  6.059576000000000
                  7.286682000000000
                  8.464980000000000
                  9.369340000000000
                 10.098200000000000
                 10.860070000000000
                 11.646950000000000
                 12.448390000000000
                 13.251550000000000
                 14.041590000000000
                 14.802290000000000
                 15.516850000000000
                 16.168940000000000
                 16.743740000000000
                 17.228870000000000
                 17.615180000000000
                 17.897150000000000
                 18.073080000000000
                 18.144820000000000
                 18.117330000000000
                 17.998110000000000
                  3.323707000000000
                  3.887247000000000
                  4.463580000000000
                  4.999397000000000
                  5.407322000000000
                  5.801493000000000
                  6.209518000000000
                  6.626546000000000
                  7.046517000000000
                  7.462273000000000
                  7.865800000000000
                  8.248590000000000
                  8.602103000000000
                  8.918285000000000
                  9.190092000000000
                  9.411918000000000
                  9.579928000000000
                  9.692225000000000
                  9.748830000000000
                  9.751533000000000
                  9.703617000000000
                  9.609524000000000
                  1.483015000000000
                  1.676901000000000
                  1.828557000000000
                  1.967430000000000
                  2.101044000000000
                  2.238823000000000
                  2.379188000000000
                  2.520179000000000
                  2.659488000000000
                  2.794526000000000
                  2.922523000000000
                  3.040677000000000
                  3.146310000000000
                  3.237033000000000
                  3.310900000000000
                  3.366527000000000
                  3.403154000000000
                  3.420674000000000
                  3.419583000000000
                  3.400912000000000
                  3.366115000000000
                  3.316949000000000
