     3926.628000
    23559.770000
     3639.458000
    21836.750000
     3362.614000
    20175.690000
     3096.180000
    18577.080000
     2840.325000
    17041.950000
     2595.224000
    15571.350000
     2361.160000
    14166.960000
     2138.340000
    12830.040000
     1926.916000
    11561.490000
     1727.145000
    10362.870000
     1539.313000
     9235.880000
     1363.793000
     8182.761000
     1200.779000
     7204.674000
     1049.901000
     6299.408000
      910.256200
     5461.538000
      781.084100
     4686.504000
      662.226400
     3973.358000
      554.317800
     3325.907000
      458.121300
     2748.728000
      373.371000
     2240.226000
      297.424600
     1784.548000
      223.792100
     1342.753000
      143.969400
      863.816200
       61.656750
      369.940500
