 eorblc(24)
                   .000000000000000
                   .000000000000000
                   .000000000000000
                   .000000000000000
                   .000000000000000
                   .000000000000000
                   .000000000000000
                   .000000000000000
                   .000000000000000
                   .000000000000000
                   .000000000000000
                   .000000000000000
                   .000000000000000
                   .000000020380800
                   .000000065218560
                   .000000401501700
                   .000002472191000
                   .000013418720000
                   .000059697420000
                   .000227533400000
                   .000782745100000
                   .002941844000000
                   .018447930000000
                   .185844300000000
