 vintrin(24)
                   .002155253000000
                   .024829390000000
                   .064000850000000
                   .164242000000000
                   .407028800000000
                   .981018800000000
                  2.294020000000000
                  5.207939000000000
                 11.454170000000000
                 24.394820000000000
                 50.245310000000000
                 99.971240000000000
                191.995300000000000
                355.539100000000000
                634.122900000000000
               1088.136000000000000
               1795.181000000000000
               2847.692000000000000
               4352.010000000000000
               6418.088000000000000
               8963.381000000000000
              10567.490000000000000
               7361.363000000000000
               1195.368000000000000
                   .000000000000000
                   .000000000000000
