 xmorbl(24)
                   .000000351039400
                   .000003146115000
                   .000006105412000
                   .000012178930000
                   .000023280790000
                   .000045530370000
                   .000087915990000
                   .000167428500000
                   .000321884300000
                   .000592414500000
                   .001092456000000
                   .001965610000000
                   .003443956000000
                   .005862662000000
                   .009672337000000
                   .015586320000000
                   .023946980000000
                   .035685240000000
                   .050907800000000
                   .068189150000000
                   .079318570000000
                   .065791460000000
                   .026623290000000
                   .001905434000000
                   .000000000000000
                   .000000000000000
