     3575.694000
    21454.160000
     3286.595000
    19719.570000
     3008.705000
    18052.230000
     2742.161000
    16452.960000
     2487.100000
    14922.600000
     2243.646000
    13461.880000
     2011.923000
    12071.540000
     1792.065000
    10752.390000
     1584.214000
     9505.287000
     1388.523000
     8331.136000
     1205.141000
     7230.848000
     1034.189000
     6205.137000
      875.784500
     5254.707000
      730.091100
     4380.547000
      597.296900
     3583.781000
      477.564400
     2865.386000
      371.065500
     2226.393000
      277.957100
     1667.742000
      198.356800
     1190.141000
      132.344900
      794.069300
       79.922620
      479.535800
       41.001070
      246.006400
       15.218730
       91.312360
        2.012318
       12.073900
