 vintrinC(24)
                   .000000000000000
                   .000000000000000
                   .000000000000000
                   .000000000000000
                   .000000000000000
                   .000000000000000
                   .000000000000000
                   .000000000000000
                   .000000000000000
                   .000000000000000
                   .000000000000000
                   .000000000000000
                   .000000000000000
                   .000000000000000
                   .001360879000000
                   .024052090000000
                   .334107900000000
                  3.670850000000000
                 29.833580000000000
                176.632200000000000
                762.161600000000000
               2292.054000000000000
               4823.396000000000000
               2190.832000000000000
