                   .954545400000000                   .864000000000000                   .000000000000000
                   .954545400000000                   .869666700000000                   .000000000000000
                   .954545400000000                   .875333400000000                   .000000000000000
                   .954545400000000                   .881000000000000               2897.345000000000000
                   .954545400000000                   .886666700000000               2630.972000000000000
                   .954545400000000                   .892333400000000               2376.290000000000000
                   .954545400000000                   .898000100000000               2133.487000000000000
                   .954545400000000                   .903666700000000               1902.745000000000000
                   .954545400000000                   .909333400000000               1684.241000000000000
                   .954545400000000                   .915000100000000               1478.182000000000000
                   .954545400000000                   .920666800000000               1284.797000000000000
                   .954545400000000                   .926333400000000               1104.302000000000000
                   .954545400000000                   .932000100000000                936.961400000000000
                   .954545400000000                   .937666800000000                783.083900000000000
                   .954545400000000                   .943333400000000                642.518100000000000
                   .954545400000000                   .949000100000000                514.867600000000000
                   .954545400000000                   .954666800000000                400.182700000000000
                   .954545400000000                   .960333500000000                298.767500000000000
                   .954545400000000                   .966000100000000                210.858700000000000
                   .954545400000000                   .971666800000000                136.652000000000000
                   .954545400000000                   .977333500000000                 77.327060000000000
                   .954545400000000                   .983000200000000                 34.425320000000000
                   .954545400000000                   .988666800000000                  8.562754000000000
                   .954545400000000                   .994333500000000                   .000000000000000
                   .863636400000000                   .864000000000000                   .000000000000000
                   .863636400000000                   .869666700000000                   .000000000000000
                   .863636400000000                   .875333400000000                   .000000000000000
                   .863636400000000                   .881000000000000               3521.818000000000000
                   .863636400000000                   .886666700000000               3198.824000000000000
                   .863636400000000                   .892333400000000               2889.887000000000000
                   .863636400000000                   .898000100000000               2595.247000000000000
                   .863636400000000                   .903666700000000               2315.135000000000000
                   .863636400000000                   .909333400000000               2049.780000000000000
                   .863636400000000                   .915000100000000               1799.441000000000000
                   .863636400000000                   .920666800000000               1564.411000000000000
                   .863636400000000                   .926333400000000               1344.966000000000000
                   .863636400000000                   .932000100000000               1141.435000000000000
                   .863636400000000                   .937666800000000                954.209800000000000
                   .863636400000000                   .943333400000000                783.117100000000000
                   .863636400000000                   .949000100000000                627.686900000000000
                   .863636400000000                   .954666800000000                487.991700000000000
                   .863636400000000                   .960333500000000                364.413800000000000
                   .863636400000000                   .966000100000000                257.253600000000000
                   .863636400000000                   .971666800000000                166.761800000000000
                   .863636400000000                   .977333500000000                 94.389700000000000
                   .863636400000000                   .983000200000000                 42.032400000000000
                   .863636400000000                   .988666800000000                 10.457620000000000
                   .863636400000000                   .994333500000000                   .000000000000000
                   .772727300000000                   .864000000000000                   .000000000000000
                   .772727300000000                   .869666700000000                   .000000000000000
                   .772727300000000                   .875333400000000                   .000000000000000
                   .772727300000000                   .881000000000000               4369.472000000000000
                   .772727300000000                   .886666700000000               3970.065000000000000
                   .772727300000000                   .892333400000000               3587.842000000000000
                   .772727300000000                   .898000100000000               3223.118000000000000
                   .772727300000000                   .903666700000000               2876.199000000000000
                   .772727300000000                   .909333400000000               2547.386000000000000
                   .772727300000000                   .915000100000000               2237.021000000000000
                   .772727300000000                   .920666800000000               1945.487000000000000
                   .772727300000000                   .926333400000000               1673.145000000000000
                   .772727300000000                   .932000100000000               1420.424000000000000
                   .772727300000000                   .937666800000000               1187.832000000000000
                   .772727300000000                   .943333400000000                975.173500000000000
                   .772727300000000                   .949000100000000                781.885000000000000
                   .772727300000000                   .954666800000000                608.075800000000000
                   .772727300000000                   .960333500000000                454.241400000000000
                   .772727300000000                   .966000100000000                320.775900000000000
                   .772727300000000                   .971666800000000                208.011900000000000
                   .772727300000000                   .977333500000000                117.779600000000000
                   .772727300000000                   .983000200000000                 52.466810000000000
                   .772727300000000                   .988666800000000                 13.058350000000000
                   .772727300000000                   .994333500000000                   .000000000000000
                   .681818200000000                   .864000000000000                   .000000000000000
                   .681818200000000                   .869666700000000                   .000000000000000
                   .681818200000000                   .875333400000000                   .000000000000000
                   .681818200000000                   .881000000000000               5558.929000000000000
                   .681818200000000                   .886666700000000               5053.148000000000000
                   .681818200000000                   .892333400000000               4568.779000000000000
                   .681818200000000                   .898000100000000               4106.253000000000000
                   .681818200000000                   .903666700000000               3665.990000000000000
                   .681818200000000                   .909333400000000               3248.405000000000000
                   .681818200000000                   .915000100000000               2853.966000000000000
                   .681818200000000                   .920666800000000               2483.192000000000000
                   .681818200000000                   .926333400000000               2136.578000000000000
                   .681818200000000                   .932000100000000               1814.708000000000000
                   .681818200000000                   .937666800000000               1518.262000000000000
                   .681818200000000                   .943333400000000               1247.029000000000000
                   .681818200000000                   .949000100000000               1000.326000000000000
                   .681818200000000                   .954666800000000                778.327100000000000
                   .681818200000000                   .960333500000000                581.699300000000000
                   .681818200000000                   .966000100000000                410.982700000000000
                   .681818200000000                   .971666800000000                266.639400000000000
                   .681818200000000                   .977333500000000                151.051500000000000
                   .681818200000000                   .983000200000000                 67.322440000000000
                   .681818200000000                   .988666800000000                 16.764260000000000
                   .681818200000000                   .994333500000000                   .000000000000000
                   .590909100000000                   .864000000000000                   .000000000000000
                   .590909100000000                   .869666700000000                   .000000000000000
                   .590909100000000                   .875333400000000                   .000000000000000
                   .590909100000000                   .881000000000000               7297.590000000000000
                   .590909100000000                   .886666700000000               6638.088000000000000
                   .590909100000000                   .892333400000000               6005.853000000000000
                   .590909100000000                   .898000100000000               5401.500000000000000
                   .590909100000000                   .903666700000000               4825.639000000000000
                   .590909100000000                   .909333400000000               4278.874000000000000
                   .590909100000000                   .915000100000000               3761.876000000000000
                   .590909100000000                   .920666800000000               3275.390000000000000
                   .590909100000000                   .926333400000000               2820.131000000000000
                   .590909100000000                   .932000100000000               2396.930000000000000
                   .590909100000000                   .937666800000000               2006.751000000000000
                   .590909100000000                   .943333400000000               1649.386000000000000
                   .590909100000000                   .949000100000000               1324.000000000000000
                   .590909100000000                   .954666800000000               1030.889000000000000
                   .590909100000000                   .960333500000000                771.000700000000000
                   .590909100000000                   .966000100000000                545.118400000000000
                   .590909100000000                   .971666800000000                353.923800000000000
                   .590909100000000                   .977333500000000                200.648300000000000
                   .590909100000000                   .983000200000000                 89.494930000000000
                   .590909100000000                   .988666800000000                 22.302460000000000
                   .590909100000000                   .994333500000000                   .000000000000000
                   .500000000000000                   .864000000000000                   .000000000000000
                   .500000000000000                   .869666700000000                   .000000000000000
                   .500000000000000                   .875333400000000                   .000000000000000
                   .500000000000000                   .881000000000000               9972.364000000000000
                   .500000000000000                   .886666700000000               9080.407000000000000
                   .500000000000000                   .892333400000000               8223.991000000000000
                   .500000000000000                   .898000100000000               7404.065000000000000
                   .500000000000000                   .903666700000000               6621.567000000000000
                   .500000000000000                   .909333400000000               5877.434000000000000
                   .500000000000000                   .915000100000000               5172.700000000000000
                   .500000000000000                   .920666800000000               4508.506000000000000
                   .500000000000000                   .926333400000000               3885.954000000000000
                   .500000000000000                   .932000100000000               3306.315000000000000
                   .500000000000000                   .937666800000000               2771.050000000000000
                   .500000000000000                   .943333400000000               2280.011000000000000
                   .500000000000000                   .949000100000000               1832.191000000000000
                   .500000000000000                   .954666800000000               1428.131000000000000
                   .500000000000000                   .960333500000000               1069.279000000000000
                   .500000000000000                   .966000100000000                756.859200000000000
                   .500000000000000                   .971666800000000                491.965400000000000
                   .500000000000000                   .977333500000000                279.237000000000000
                   .500000000000000                   .983000200000000                124.696700000000000
                   .500000000000000                   .988666800000000                 31.112320000000000
                   .500000000000000                   .994333500000000                   .000000000000000
                   .409090900000000                   .864000000000000                   .000000000000000
                   .409090900000000                   .869666700000000                   .000000000000000
                   .409090900000000                   .875333400000000                   .000000000000000
                   .409090900000000                   .881000000000000              13169.550000000000000
                   .409090900000000                   .886666700000000              11994.750000000000000
                   .409090900000000                   .892333400000000              10868.230000000000000
                   .409090900000000                   .898000100000000               9791.000000000000000
                   .409090900000000                   .903666700000000               8764.064000000000000
                   .409090900000000                   .909333400000000               7788.418000000000000
                   .409090900000000                   .915000100000000               6865.125000000000000
                   .409090900000000                   .920666800000000               5995.307000000000000
                   .409090900000000                   .926333400000000               5180.072000000000000
                   .409090900000000                   .932000100000000               4420.631000000000000
                   .409090900000000                   .937666800000000               3718.320000000000000
                   .409090900000000                   .943333400000000               3073.417000000000000
                   .409090900000000                   .949000100000000               2485.638000000000000
                   .409090900000000                   .954666800000000               1955.699000000000000
                   .409090900000000                   .960333500000000               1484.890000000000000
                   .409090900000000                   .966000100000000               1074.305000000000000
                   .409090900000000                   .971666800000000                724.847000000000000
                   .409090900000000                   .977333500000000                414.547600000000000
                   .409090900000000                   .983000200000000                185.501900000000000
                   .409090900000000                   .988666800000000                 46.379730000000000
                   .409090900000000                   .994333500000000                   .000000000000000
                   .318181800000000                   .864000000000000                   .000000000000000
                   .318181800000000                   .869666700000000                   .000000000000000
                   .318181800000000                   .875333400000000                   .000000000000000
                   .318181800000000                   .881000000000000              14718.780000000000000
                   .318181800000000                   .886666700000000              13397.390000000000000
                   .318181800000000                   .892333400000000              12131.620000000000000
                   .318181800000000                   .898000100000000              10922.490000000000000
                   .318181800000000                   .903666700000000               9770.976000000000000
                   .318181800000000                   .909333400000000               8678.081000000000000
                   .318181800000000                   .915000100000000               7644.864000000000000
                   .318181800000000                   .920666800000000               6672.450000000000000
                   .318181800000000                   .926333400000000               5761.939000000000000
                   .318181800000000                   .932000100000000               4914.546000000000000
                   .318181800000000                   .937666800000000               4131.612000000000000
                   .318181800000000                   .943333400000000               3413.348000000000000
                   .318181800000000                   .949000100000000               2759.348000000000000
                   .318181800000000                   .954666800000000               2170.292000000000000
                   .318181800000000                   .960333500000000               1647.463000000000000
                   .318181800000000                   .966000100000000               1191.939000000000000
                   .318181800000000                   .971666800000000                804.582200000000000
                   .318181800000000                   .977333500000000                488.678900000000000
                   .318181800000000                   .983000200000000                248.659700000000000
                   .318181800000000                   .988666800000000                 76.355160000000000
                   .318181800000000                   .994333500000000                   .000000000000000
                   .227272700000000                   .864000000000000                   .000000000000000
                   .227272700000000                   .869666700000000                   .000000000000000
                   .227272700000000                   .875333400000000                   .000000000000000
                   .227272700000000                   .881000000000000              16411.610000000000000
                   .227272700000000                   .886666700000000              14928.690000000000000
                   .227272700000000                   .892333400000000              13509.690000000000000
                   .227272700000000                   .898000100000000              12155.610000000000000
                   .227272700000000                   .903666700000000              10867.400000000000000
                   .227272700000000                   .909333400000000               9646.023000000000000
                   .227272700000000                   .915000100000000               8492.522000000000000
                   .227272700000000                   .920666800000000               7407.995000000000000
                   .227272700000000                   .926333400000000               6393.507000000000000
                   .227272700000000                   .932000100000000               5450.255000000000000
                   .227272700000000                   .937666800000000               4579.563000000000000
                   .227272700000000                   .943333400000000               3781.542000000000000
                   .227272700000000                   .949000100000000               3055.652000000000000
                   .227272700000000                   .954666800000000               2402.504000000000000
                   .227272700000000                   .960333500000000               1823.357000000000000
                   .227272700000000                   .966000100000000               1319.241000000000000
                   .227272700000000                   .971666800000000                890.956800000000000
                   .227272700000000                   .977333500000000                541.882300000000000
                   .227272700000000                   .983000200000000                276.609800000000000
                   .227272700000000                   .988666800000000                 97.350110000000000
                   .227272700000000                   .994333500000000                   .000000000000000
                   .136363600000000                   .864000000000000                   .000000000000000
                   .136363600000000                   .869666700000000                   .000000000000000
                   .136363600000000                   .875333400000000                   .000000000000000
                   .136363600000000                   .881000000000000              18233.870000000000000
                   .136363600000000                   .886666700000000              16575.660000000000000
                   .136363600000000                   .892333400000000              14990.610000000000000
                   .136363600000000                   .898000100000000              13479.660000000000000
                   .136363600000000                   .903666700000000              12043.720000000000000
                   .136363600000000                   .909333400000000              10683.680000000000000
                   .136363600000000                   .915000100000000               9400.531000000000000
                   .136363600000000                   .920666800000000               8195.317000000000000
                   .136363600000000                   .926333400000000               7069.049000000000000
                   .136363600000000                   .932000100000000               6022.867000000000000
                   .136363600000000                   .937666800000000               5058.055000000000000
                   .136363600000000                   .943333400000000               4174.603000000000000
                   .136363600000000                   .949000100000000               3371.809000000000000
                   .136363600000000                   .954666800000000               2650.190000000000000
                   .136363600000000                   .960333500000000               2010.953000000000000
                   .136363600000000                   .966000100000000               1455.057000000000000
                   .136363600000000                   .971666800000000                983.213300000000000
                   .136363600000000                   .977333500000000                598.858200000000000
                   .136363600000000                   .983000200000000                306.711500000000000
                   .136363600000000                   .988666800000000                108.954100000000000
                   .136363600000000                   .994333500000000                   .000000000000000
                   .045454550000000                   .864000000000000                   .000000000000000
                   .045454550000000                   .869666700000000                   .000000000000000
                   .045454550000000                   .875333400000000                   .000000000000000
                   .045454550000000                   .881000000000000              20160.640000000000000
                   .045454550000000                   .886666700000000              18315.710000000000000
                   .045454550000000                   .892333400000000              16554.010000000000000
                   .045454550000000                   .898000100000000              14876.400000000000000
                   .045454550000000                   .903666700000000              13283.690000000000000
                   .045454550000000                   .909333400000000              11776.690000000000000
                   .045454550000000                   .915000100000000              10356.300000000000000
                   .045454550000000                   .920666800000000               9023.487000000000000
                   .045454550000000                   .926333400000000               7779.174000000000000
                   .045454550000000                   .932000100000000               6624.422000000000000
                   .045454550000000                   .937666800000000               5560.440000000000000
                   .045454550000000                   .943333400000000               4587.072000000000000
                   .045454550000000                   .949000100000000               3703.433000000000000
                   .045454550000000                   .954666800000000               2909.927000000000000
                   .045454550000000                   .960333500000000               2207.677000000000000
                   .045454550000000                   .966000100000000               1597.544000000000000
                   .045454550000000                   .971666800000000               1080.124000000000000
                   .045454550000000                   .977333500000000                658.877800000000000
                   .045454550000000                   .983000200000000                338.610500000000000
                   .045454550000000                   .988666800000000                121.442000000000000
                   .045454550000000                   .994333500000000                   .000000000000000
                  -.045454550000000                   .864000000000000                   .000000000000000
                  -.045454550000000                   .869666700000000                   .000000000000000
                  -.045454550000000                   .875333400000000                   .000000000000000
                  -.045454550000000                   .881000000000000              22155.790000000000000
                  -.045454550000000                   .886666700000000              20116.260000000000000
                  -.045454550000000                   .892333400000000              18170.660000000000000
                  -.045454550000000                   .898000100000000              16319.730000000000000
                  -.045454550000000                   .903666700000000              14564.180000000000000
                  -.045454550000000                   .909333400000000              12904.700000000000000
                  -.045454550000000                   .915000100000000              11342.070000000000000
                  -.045454550000000                   .920666800000000               9877.153000000000000
                  -.045454550000000                   .926333400000000               8510.753000000000000
                  -.045454550000000                   .932000100000000               7243.826000000000000
                  -.045454550000000                   .937666800000000               6077.478000000000000
                  -.045454550000000                   .943333400000000               5011.386000000000000
                  -.045454550000000                   .949000100000000               4044.471000000000000
                  -.045454550000000                   .954666800000000               3176.997000000000000
                  -.045454550000000                   .960333500000000               2409.979000000000000
                  -.045454550000000                   .966000100000000               1744.153000000000000
                  -.045454550000000                   .971666800000000               1179.982000000000000
                  -.045454550000000                   .977333500000000                720.910600000000000
                  -.045454550000000                   .983000200000000                371.785600000000000
                  -.045454550000000                   .988666800000000                134.637100000000000
                  -.045454550000000                   .994333500000000                   .043574400000000
                  -.136363600000000                   .864000000000000                   .000000000000000
                  -.136363600000000                   .869666700000000                   .000000000000000
                  -.136363600000000                   .875333400000000                   .000000000000000
                  -.136363600000000                   .881000000000000              24172.900000000000000
                  -.136363600000000                   .886666700000000              21935.570000000000000
                  -.136363600000000                   .892333400000000              19803.210000000000000
                  -.136363600000000                   .898000100000000              17776.460000000000000
                  -.136363600000000                   .903666700000000              15855.860000000000000
                  -.136363600000000                   .909333400000000              14041.970000000000000
                  -.136363600000000                   .915000100000000              12335.440000000000000
                  -.136363600000000                   .920666800000000              10736.990000000000000
                  -.136363600000000                   .926333400000000               9247.295000000000000
                  -.136363600000000                   .932000100000000               7867.176000000000000
                  -.136363600000000                   .937666800000000               6597.615000000000000
                  -.136363600000000                   .943333400000000               5438.111000000000000
                  -.136363600000000                   .949000100000000               4387.379000000000000
                  -.136363600000000                   .954666800000000               3445.526000000000000
                  -.136363600000000                   .960333500000000               2613.437000000000000
                  -.136363600000000                   .966000100000000               1891.709000000000000
                  -.136363600000000                   .971666800000000               1280.649000000000000
                  -.136363600000000                   .977333500000000                783.650500000000000
                  -.136363600000000                   .983000200000000                405.559500000000000
                  -.136363600000000                   .988666800000000                148.290500000000000
                  -.136363600000000                   .994333500000000                   .004834114000000
                  -.227272700000000                   .864000000000000                   .000000000000000
                  -.227272700000000                   .869666700000000                   .000000000000000
                  -.227272700000000                   .875333400000000                   .000000000000000
                  -.227272700000000                   .881000000000000              26157.880000000000000
                  -.227272700000000                   .886666700000000              23725.090000000000000
                  -.227272700000000                   .892333400000000              21408.350000000000000
                  -.227272700000000                   .898000100000000              19208.110000000000000
                  -.227272700000000                   .903666700000000              17124.790000000000000
                  -.227272700000000                   .909333400000000              15158.780000000000000
                  -.227272700000000                   .915000100000000              13310.580000000000000
                  -.227272700000000                   .920666800000000              11580.770000000000000
                  -.227272700000000                   .926333400000000               9969.858000000000000
                  -.227272700000000                   .932000100000000               8478.533000000000000
                  -.227272700000000                   .937666800000000               7107.627000000000000
                  -.227272700000000                   .943333400000000               5856.458000000000000
                  -.227272700000000                   .949000100000000               4723.537000000000000
                  -.227272700000000                   .954666800000000               3708.805000000000000
                  -.227272700000000                   .960333500000000               2813.002000000000000
                  -.227272700000000                   .966000100000000               2036.574000000000000
                  -.227272700000000                   .971666800000000               1379.664000000000000
                  -.227272700000000                   .977333500000000                845.581600000000000
                  -.227272700000000                   .983000200000000                439.130200000000000
                  -.227272700000000                   .988666800000000                162.090800000000000
                  -.227272700000000                   .994333500000000                   .001740066000000
                  -.318181800000000                   .864000000000000                   .000000000000000
                  -.318181800000000                   .869666700000000                   .000000000000000
                  -.318181800000000                   .875333400000000                   .000000000000000
                  -.318181800000000                   .881000000000000              28053.020000000000000
                  -.318181800000000                   .886666700000000              25433.120000000000000
                  -.318181800000000                   .892333400000000              22939.940000000000000
                  -.318181800000000                   .898000100000000              20573.800000000000000
                  -.318181800000000                   .903666700000000              18334.940000000000000
                  -.318181800000000                   .909333400000000              16223.610000000000000
                  -.318181800000000                   .915000100000000              14240.140000000000000
                  -.318181800000000                   .920666800000000              12384.960000000000000
                  -.318181800000000                   .926333400000000              10658.420000000000000
                  -.318181800000000                   .932000100000000               9061.056000000000000
                  -.318181800000000                   .937666800000000               7593.549000000000000
                  -.318181800000000                   .943333400000000               6255.040000000000000
                  -.318181800000000                   .949000100000000               5043.851000000000000
                  -.318181800000000                   .954666800000000               3959.755000000000000
                  -.318181800000000                   .960333500000000               3003.344000000000000
                  -.318181800000000                   .966000100000000               2174.903000000000000
                  -.318181800000000                   .971666800000000               1474.415000000000000
                  -.318181800000000                   .977333500000000                905.080800000000000
                  -.318181800000000                   .983000200000000                471.624100000000000
                  -.318181800000000                   .988666800000000                175.683300000000000
                  -.318181800000000                   .994333500000000                   .000887758600000
                  -.409090900000000                   .864000000000000                   .000000000000000
                  -.409090900000000                   .869666700000000                   .000000000000000
                  -.409090900000000                   .875333400000000                   .000000000000000
                  -.409090900000000                   .881000000000000              29801.890000000000000
                  -.409090900000000                   .886666700000000              27009.100000000000000
                  -.409090900000000                   .892333400000000              24352.950000000000000
                  -.409090900000000                   .898000100000000              21833.620000000000000
                  -.409090900000000                   .903666700000000              19451.180000000000000
                  -.409090900000000                   .909333400000000              17205.740000000000000
                  -.409090900000000                   .915000100000000              15097.480000000000000
                  -.409090900000000                   .920666800000000              13126.650000000000000
                  -.409090900000000                   .926333400000000              11293.480000000000000
                  -.409090900000000                   .932000100000000               9598.353000000000000
                  -.409090900000000                   .937666800000000               8041.793000000000000
                  -.409090900000000                   .943333400000000               6622.784000000000000
                  -.409090900000000                   .949000100000000               5339.476000000000000
                  -.409090900000000                   .954666800000000               4191.487000000000000
                  -.409090900000000                   .960333500000000               3179.262000000000000
                  -.409090900000000                   .966000100000000               2302.937000000000000
                  -.409090900000000                   .971666800000000               1562.338000000000000
                  -.409090900000000                   .977333500000000                960.541300000000000
                  -.409090900000000                   .983000200000000                502.163000000000000
                  -.409090900000000                   .988666800000000                188.696800000000000
                  -.409090900000000                   .994333500000000                   .000537031600000
                  -.500000000000000                   .864000000000000                   .000000000000000
                  -.500000000000000                   .869666700000000                   .000000000000000
                  -.500000000000000                   .875333400000000                   .000000000000000
                  -.500000000000000                   .881000000000000              31354.230000000000000
                  -.500000000000000                   .886666700000000              28408.030000000000000
                  -.500000000000000                   .892333400000000              25607.290000000000000
                  -.500000000000000                   .898000100000000              22952.050000000000000
                  -.500000000000000                   .903666700000000              20442.240000000000000
                  -.500000000000000                   .909333400000000              18077.820000000000000
                  -.500000000000000                   .915000100000000              15858.850000000000000
                  -.500000000000000                   .920666800000000              13785.450000000000000
                  -.500000000000000                   .926333400000000              11857.700000000000000
                  -.500000000000000                   .932000100000000              10075.830000000000000
                  -.500000000000000                   .937666800000000               8440.256000000000000
                  -.500000000000000                   .943333400000000               6949.816000000000000
                  -.500000000000000                   .949000100000000               5602.520000000000000
                  -.500000000000000                   .954666800000000               4397.847000000000000
                  -.500000000000000                   .960333500000000               3336.109000000000000
                  -.500000000000000                   .966000100000000               2417.303000000000000
                  -.500000000000000                   .971666800000000               1641.119000000000000
                  -.500000000000000                   .977333500000000               1010.500000000000000
                  -.500000000000000                   .983000200000000                529.933000000000000
                  -.500000000000000                   .988666800000000                200.774400000000000
                  -.500000000000000                   .994333500000000                   .000359497900000
                  -.590909100000000                   .864000000000000                   .000000000000000
                  -.590909100000000                   .869666700000000                   .000000000000000
                  -.590909100000000                   .875333400000000                   .000000000000000
                  -.590909100000000                   .881000000000000              32670.050000000000000
                  -.590909100000000                   .886666700000000              29594.100000000000000
                  -.590909100000000                   .892333400000000              26671.040000000000000
                  -.590909100000000                   .898000100000000              23900.790000000000000
                  -.590909100000000                   .903666700000000              21283.180000000000000
                  -.590909100000000                   .909333400000000              18818.050000000000000
                  -.590909100000000                   .915000100000000              16505.340000000000000
                  -.590909100000000                   .920666800000000              14345.060000000000000
                  -.590909100000000                   .926333400000000              12337.170000000000000
                  -.590909100000000                   .932000100000000              10481.810000000000000
                  -.590909100000000                   .937666800000000               8779.248000000000000
                  -.590909100000000                   .943333400000000               7228.224000000000000
                  -.590909100000000                   .949000100000000               5826.646000000000000
                  -.590909100000000                   .954666800000000               4573.886000000000000
                  -.590909100000000                   .960333500000000               3470.132000000000000
                  -.590909100000000                   .966000100000000               2515.269000000000000
                  -.590909100000000                   .971666800000000               1708.871000000000000
                  -.590909100000000                   .977333500000000               1053.749000000000000
                  -.590909100000000                   .983000200000000                554.248100000000000
                  -.590909100000000                   .988666800000000                211.601500000000000
                  -.590909100000000                   .994333500000000                   .000257391000000
                  -.681818200000000                   .864000000000000                   .000000000000000
                  -.681818200000000                   .869666700000000                   .000000000000000
                  -.681818200000000                   .875333400000000                   .000000000000000
                  -.681818200000000                   .881000000000000              33722.270000000000000
                  -.681818200000000                   .886666700000000              30543.010000000000000
                  -.681818200000000                   .892333400000000              27522.500000000000000
                  -.681818200000000                   .898000100000000              24660.590000000000000
                  -.681818200000000                   .903666700000000              21957.020000000000000
                  -.681818200000000                   .909333400000000              19411.540000000000000
                  -.681818200000000                   .915000100000000              17024.010000000000000
                  -.681818200000000                   .920666800000000              14794.340000000000000
                  -.681818200000000                   .926333400000000              12722.420000000000000
                  -.681818200000000                   .932000100000000              10808.270000000000000
                  -.681818200000000                   .937666800000000               9052.093000000000000
                  -.681818200000000                   .943333400000000               7452.543000000000000
                  -.681818200000000                   .949000100000000               6007.469000000000000
                  -.681818200000000                   .954666800000000               4716.159000000000000
                  -.681818200000000                   .960333500000000               3578.708000000000000
                  -.681818200000000                   .966000100000000               2594.907000000000000
                  -.681818200000000                   .971666800000000               1764.248000000000000
                  -.681818200000000                   .977333500000000               1089.410000000000000
                  -.681818200000000                   .983000200000000                574.595000000000000
                  -.681818200000000                   .988666800000000                220.929100000000000
                  -.681818200000000                   .994333500000000                   .000193328700000
                  -.772727300000000                   .864000000000000                   .000000000000000
                  -.772727300000000                   .869666700000000                   .000000000000000
                  -.772727300000000                   .875333400000000                   .000000000000000
                  -.772727300000000                   .881000000000000              34497.600000000000000
                  -.772727300000000                   .886666700000000              31242.790000000000000
                  -.772727300000000                   .892333400000000              28150.970000000000000
                  -.772727300000000                   .898000100000000              25221.910000000000000
                  -.772727300000000                   .903666700000000              22455.310000000000000
                  -.772727300000000                   .909333400000000              19850.860000000000000
                  -.772727300000000                   .915000100000000              17408.360000000000000
                  -.772727300000000                   .920666800000000              15127.670000000000000
                  -.772727300000000                   .926333400000000              13008.600000000000000
                  -.772727300000000                   .932000100000000              11051.120000000000000
                  -.772727300000000                   .937666800000000               9255.366000000000000
                  -.772727300000000                   .943333400000000               7619.953000000000000
                  -.772727300000000                   .949000100000000               6142.704000000000000
                  -.772727300000000                   .954666800000000               4822.857000000000000
                  -.772727300000000                   .960333500000000               3660.437000000000000
                  -.772727300000000                   .966000100000000               2655.174000000000000
                  -.772727300000000                   .971666800000000               1806.500000000000000
                  -.772727300000000                   .977333500000000               1116.974000000000000
                  -.772727300000000                   .983000200000000                590.656800000000000
                  -.772727300000000                   .988666800000000                228.586500000000000
                  -.772727300000000                   .994333500000000                   .000150515200000
                  -.863636400000000                   .864000000000000                   .000000000000000
                  -.863636400000000                   .869666700000000                   .000000000000000
                  -.863636400000000                   .875333400000000                   .000000000000000
                  -.863636400000000                   .881000000000000              34995.880000000000000
                  -.863636400000000                   .886666700000000              31693.240000000000000
                  -.863636400000000                   .892333400000000              28556.180000000000000
                  -.863636400000000                   .898000100000000              25584.450000000000000
                  -.863636400000000                   .903666700000000              22777.730000000000000
                  -.863636400000000                   .909333400000000              20135.670000000000000
                  -.863636400000000                   .915000100000000              17658.050000000000000
                  -.863636400000000                   .920666800000000              15344.690000000000000
                  -.863636400000000                   .926333400000000              13195.380000000000000
                  -.863636400000000                   .932000100000000              11210.040000000000000
                  -.863636400000000                   .937666800000000               9388.770000000000000
                  -.863636400000000                   .943333400000000               7730.175000000000000
                  -.863636400000000                   .949000100000000               6232.098000000000000
                  -.863636400000000                   .954666800000000               4893.748000000000000
                  -.863636400000000                   .960333500000000               3715.114000000000000
                  -.863636400000000                   .966000100000000               2695.883000000000000
                  -.863636400000000                   .971666800000000               1835.459000000000000
                  -.863636400000000                   .977333500000000               1136.297000000000000
                  -.863636400000000                   .983000200000000                602.314400000000000
                  -.863636400000000                   .988666800000000                234.486200000000000
                  -.863636400000000                   .994333500000000                   .000120495400000
                  -.954545400000000                   .864000000000000                   .000000000000000
                  -.954545400000000                   .869666700000000                   .000000000000000
                  -.954545400000000                   .875333400000000                   .000000000000000
                  -.954545400000000                   .881000000000000              35228.260000000000000
                  -.954545400000000                   .886666700000000              31904.260000000000000
                  -.954545400000000                   .892333400000000              28746.890000000000000
                  -.954545400000000                   .898000100000000              25755.920000000000000
                  -.954545400000000                   .903666700000000              22931.010000000000000
                  -.954545400000000                   .909333400000000              20271.810000000000000
                  -.954545400000000                   .915000100000000              17778.100000000000000
                  -.954545400000000                   .920666800000000              15449.680000000000000
                  -.954545400000000                   .926333400000000              13286.350000000000000
                  -.954545400000000                   .932000100000000              11288.010000000000000
                  -.954545400000000                   .937666800000000               9454.732000000000000
                  -.954545400000000                   .943333400000000               7785.159000000000000
                  -.954545400000000                   .949000100000000               6277.172000000000000
                  -.954545400000000                   .954666800000000               4929.989000000000000
                  -.954545400000000                   .960333500000000               3743.574000000000000
                  -.954545400000000                   .966000100000000               2717.604000000000000
                  -.954545400000000                   .971666800000000               1851.479000000000000
                  -.954545400000000                   .977333500000000               1147.557000000000000
                  -.954545400000000                   .983000200000000                609.628700000000000
                  -.954545400000000                   .988666800000000                238.618300000000000
                  -.954545400000000                   .994333500000000                   .000098636720000
