 vintrin(24)
                   .216714200000000
                  1.618603000000000
                  2.999236000000000
                  5.530503000000000
                 10.133240000000000
                 18.436300000000000
                 34.123740000000000
                 60.866390000000000
                107.353200000000000
                186.839300000000000
                320.166400000000000
                546.348500000000000
                898.137000000000000
               1440.583000000000000
               2251.147000000000000
               3424.068000000000000
               5063.191000000000000
               7284.611000000000000
              10014.650000000000000
              12700.300000000000000
              13208.180000000000000
               8864.217000000000000
               2384.969000000000000
                  -.766642500000000
                   .000000000000000
                   .000000000000000
