 ephi(??)
                481.477100000000000
                465.191200000000000
                449.124500000000000
                433.266300000000000
                417.582600000000000
                402.040200000000000
                386.615600000000000
                371.279500000000000
                356.014200000000000
                340.756100000000000
                325.392900000000000
                309.835200000000000
                293.912400000000000
                277.353600000000000
                260.754300000000000
                245.182500000000000
                230.897800000000000
                217.700500000000000
                205.554200000000000
                194.607600000000000
                183.141600000000000
                168.544700000000000
                149.927600000000000
                126.940100000000000
                100.000000000000000
                   .000000000000000
