 vintrinC(24)
                   .000000000000000
                   .000000000000000
                   .000000000000000
                   .000000000000000
                   .000000000000000
                   .000000000000000
                   .000000000000000
                   .000000000000000
                   .000000000000000
                   .000000000000000
                   .000000000000000
                   .000000000000000
                   .000000000000000
                   .000658971500000
                   .007869780000000
                   .105664500000000
                  1.183731000000000
                 10.663390000000000
                 73.003750000000000
                381.185100000000000
               1460.019000000000000
               3943.509000000000000
               6225.824000000000000
                -10.342540000000000
