   n0    forbl   xmorbl  eorbl
  1      .000      .000      .000
  2      .000      .000      .000
  3      .000      .000      .000
  4      .000      .000      .000
  5      .000      .000      .000
  6      .000      .000      .001
  7      .000      .000      .001
  8      .000      .001      .001
  9      .000      .001      .002
 10      .001      .001      .003
 11      .001      .002      .004
 12      .002      .003      .006
 13      .003      .005      .009
 14      .004      .007      .013
 15      .006      .010      .018
 16      .009      .013      .024
 17      .012      .018      .033
 18      .018      .024      .045
 19      .027      .032      .064
 20      .041      .041      .095
 21      .067      .049      .151
 22      .125      .050      .249
 23      .243      .034      .385
 24      .410      .008      .483
   n0    forblC   xmorblC  eorblC
  1      .000      .000      .000
  2      .000      .000      .000
  3      .000      .000      .000
  4      .000      .000      .000
  5      .000      .000      .000
  6      .000      .000      .000
  7      .000      .000      .000
  8      .000      .000      .000
  9      .000      .000      .000
 10      .000      .000      .000
 11      .000      .000      .000
 12      .000      .000      .000
 13      .000      .000      .000
 14      .000      .000      .000
 15      .000      .000      .000
 16      .000      .000      .000
 17      .000      .000      .000
 18      .000      .000      .000
 19      .000      .000      .000
 20      .000      .000      .000
 21      .000      .000      .001
 22      .001      .001      .003
 23      .005      .008      .018
 24      .079      .034      .186
  n0   intrinD   intrinC  NBIreturn   Snbi      dFdr
  1  .136E+01  .000E+00  .000E+00  .000E+00  .166E-02
  2  .686E+01  .000E+00  .000E+00  .000E+00  .142E-02
  3  .112E+02  .000E+00  .000E+00  .000E+00  .240E-02
  4  .183E+02  .000E+00  .000E+00  .000E+00  .402E-02
  5  .298E+02  .000E+00  .000E+00  .000E+00  .671E-02
  6  .480E+02  .000E+00  .000E+00  .000E+00  .116E-01
  7  .781E+02  .000E+00  .000E+00  .000E+00  .183E-01
  8  .123E+03  .000E+00  .000E+00  .000E+00  .293E-01
  9  .192E+03  .000E+00  .000E+00  .000E+00  .463E-01
 10  .295E+03  .000E+00  .000E+00  .000E+00  .715E-01
 11  .445E+03  .000E+00  .000E+00  .000E+00  .112E+00
 12  .667E+03  .000E+00  .000E+00  .000E+00  .161E+00
 13  .965E+03  .000E+00  .000E+00  .000E+00  .233E+00
 14  .137E+04  .000E+00  .000E+00  .000E+00  .332E+00
 15  .190E+04  .168E-02  .000E+00  .000E+00  .472E+00
 16  .260E+04  .105E-01  .000E+00  .000E+00  .674E+00
 17  .350E+04  .652E-01  .000E+00  .000E+00  .100E+01
 18  .469E+04  .376E+00  .000E+00  .000E+00  .148E+01
 19  .611E+04  .177E+01  .000E+00  .000E+00  .246E+01
 20  .770E+04  .709E+01  .000E+00  .000E+00  .473E+01
 21  .906E+04  .256E+02  .000E+00  .000E+00  .101E+02
 22  .906E+04  .994E+02  .000E+00  .000E+00  .208E+02
 23  .607E+04  .572E+03  .000E+00  .000E+00  .293E+02
 24  .141E+04  .241E+04  .000E+00  .000E+00  .000E+00
 n0         ffrac1    ffrac2    ffrac3         nbdep1    nbilost   nbitot
 1         .00         .00         .00       .00      .000E+00    .000E+00
 2         .00         .00         .00       .00      .000E+00    .000E+00
 3         .00         .00         .00       .00      .000E+00    .000E+00
 4         .00         .00         .00       .00      .000E+00    .000E+00
 5         .00         .00         .00       .00      .000E+00    .000E+00
 6         .00         .00         .00       .00      .000E+00    .000E+00
 7         .00         .00         .00       .00      .000E+00    .000E+00
 8         .00         .00         .00       .00      .000E+00    .000E+00
 9         .00         .00         .00       .00      .000E+00    .000E+00
10         .00         .00         .00       .00      .000E+00    .000E+00
11         .00         .00         .00       .00      .000E+00    .000E+00
12         .00         .00         .00       .00      .000E+00    .000E+00
13         .00         .00         .00       .00      .000E+00    .000E+00
14         .00         .00         .00       .00      .000E+00    .000E+00
15         .00         .00         .00       .00      .000E+00    .000E+00
16         .00         .00         .00       .00      .000E+00    .000E+00
17         .00         .00         .00       .00      .000E+00    .000E+00
18         .00         .00         .00       .00      .000E+00    .000E+00
19         .00         .00         .00       .00      .000E+00    .000E+00
20         .00         .00         .00       .00      .000E+00    .000E+00
21         .00         .00         .00       .00      .000E+00    .000E+00
22         .00         .00         .00       .00      .000E+00    .000E+00
23         .00         .00         .00       .00      .000E+00    .000E+00
24         .00         .00         .00       .00      .000E+00    .000E+00
25         .00         .00         .00       .00      .000E+00    .000E+00
26         .00         .00         .00       .00      .000E+00    .000E+00
27         .00         .00         .00       .00      .000E+00    .000E+00
28         .00         .00         .00       .00      .000E+00    .000E+00
29         .00         .00         .00       .00      .000E+00    .000E+00
30         .00         .00         .00       .00      .000E+00    .000E+00
31         .00         .00         .00       .00      .000E+00    .000E+00
32         .00         .00         .00       .00      .000E+00    .000E+00
33         .00         .00         .00       .00      .000E+00    .000E+00
34         .00         .00         .00       .00      .000E+00    .000E+00
35         .00         .00         .00       .00      .000E+00    .000E+00
36         .00         .00         .00       .00      .000E+00    .000E+00
37         .00         .00         .00       .00      .000E+00    .000E+00
38         .00         .00         .00       .00      .000E+00    .000E+00
39         .00         .00         .00       .00      .000E+00    .000E+00
40         .00         .00         .00       .00      .000E+00    .000E+00
41         .00         .00         .00       .00      .000E+00    .000E+00
42         .00         .00         .00       .00      .000E+00    .000E+00
43         .00         .00         .00       .00      .000E+00    .000E+00
44         .00         .00         .00       .00      .000E+00    .000E+00
45         .00         .00         .00       .00      .000E+00    .000E+00
46         .00         .00         .00       .00      .000E+00    .000E+00
47         .00         .00         .00       .00      .000E+00    .000E+00
48         .00         .00         .00       .00      .000E+00    .000E+00
49         .00         .00         .00       .00      .000E+00    .000E+00
50         .00         .00         .00       .00      .000E+00    .000E+00
