                   .954545400000000                   .864000000000000                   .000000000000000
                   .954545400000000                   .869666700000000                   .000000000000000
                   .954545400000000                   .875333400000000                   .000000000000000
                   .954545400000000                   .881000000000000               3096.180000000000000
                   .954545400000000                   .886666700000000               2840.325000000000000
                   .954545400000000                   .892333400000000               2595.224000000000000
                   .954545400000000                   .898000100000000               2361.160000000000000
                   .954545400000000                   .903666700000000               2138.340000000000000
                   .954545400000000                   .909333400000000               1926.916000000000000
                   .954545400000000                   .915000100000000               1727.145000000000000
                   .954545400000000                   .920666800000000               1539.313000000000000
                   .954545400000000                   .926333400000000               1363.793000000000000
                   .954545400000000                   .932000100000000               1200.779000000000000
                   .954545400000000                   .937666800000000               1049.901000000000000
                   .954545400000000                   .943333400000000                910.256200000000000
                   .954545400000000                   .949000100000000                781.084100000000000
                   .954545400000000                   .954666800000000                662.226400000000000
                   .954545400000000                   .960333500000000                554.317800000000000
                   .954545400000000                   .966000100000000                458.121300000000000
                   .954545400000000                   .971666800000000                373.371000000000000
                   .954545400000000                   .977333500000000                297.424600000000000
                   .954545400000000                   .983000200000000                223.792100000000000
                   .954545400000000                   .988666800000000                146.056500000000000
                   .954545400000000                   .994333500000000                 62.243290000000000
                   .863636400000000                   .864000000000000                   .000000000000000
                   .863636400000000                   .869666700000000                   .000000000000000
                   .863636400000000                   .875333400000000                   .000000000000000
                   .863636400000000                   .881000000000000               3762.862000000000000
                   .863636400000000                   .886666700000000               3452.715000000000000
                   .863636400000000                   .892333400000000               3155.497000000000000
                   .863636400000000                   .898000100000000               2871.559000000000000
                   .863636400000000                   .903666700000000               2601.167000000000000
                   .863636400000000                   .909333400000000               2344.512000000000000
                   .863636400000000                   .915000100000000               2101.920000000000000
                   .863636400000000                   .920666800000000               1873.746000000000000
                   .863636400000000                   .926333400000000               1660.456000000000000
                   .863636400000000                   .932000100000000               1462.296000000000000
                   .863636400000000                   .937666800000000               1278.830000000000000
                   .863636400000000                   .943333400000000               1108.967000000000000
                   .863636400000000                   .949000100000000                951.793400000000000
                   .863636400000000                   .954666800000000                807.124600000000000
                   .863636400000000                   .960333500000000                675.741200000000000
                   .863636400000000                   .966000100000000                558.582400000000000
                   .863636400000000                   .971666800000000                455.333700000000000
                   .863636400000000                   .977333500000000                362.783900000000000
                   .863636400000000                   .983000200000000                273.026600000000000
                   .863636400000000                   .988666800000000                174.122700000000000
                   .863636400000000                   .994333500000000                 71.604290000000000
                   .772727300000000                   .864000000000000                   .000000000000000
                   .772727300000000                   .869666700000000                   .000000000000000
                   .772727300000000                   .875333400000000                   .000000000000000
                   .772727300000000                   .881000000000000               4667.449000000000000
                   .772727300000000                   .886666700000000               4284.083000000000000
                   .772727300000000                   .892333400000000               3916.520000000000000
                   .772727300000000                   .898000100000000               3565.210000000000000
                   .772727300000000                   .903666700000000               3230.498000000000000
                   .772727300000000                   .909333400000000               2912.639000000000000
                   .772727300000000                   .915000100000000               2612.056000000000000
                   .772727300000000                   .920666800000000               2329.205000000000000
                   .772727300000000                   .926333400000000               2064.684000000000000
                   .772727300000000                   .932000100000000               1818.815000000000000
                   .772727300000000                   .937666800000000               1591.076000000000000
                   .772727300000000                   .943333400000000               1380.131000000000000
                   .772727300000000                   .949000100000000               1184.859000000000000
                   .772727300000000                   .954666800000000               1005.045000000000000
                   .772727300000000                   .960333500000000                841.676100000000000
                   .772727300000000                   .966000100000000                695.934000000000000
                   .772727300000000                   .971666800000000                567.444200000000000
                   .772727300000000                   .977333500000000                452.223300000000000
                   .772727300000000                   .983000200000000                340.433200000000000
                   .772727300000000                   .988666800000000                203.471300000000000
                   .772727300000000                   .994333500000000                 79.050840000000000
                   .681818200000000                   .864000000000000                   .000000000000000
                   .681818200000000                   .869666700000000                   .000000000000000
                   .681818200000000                   .875333400000000                   .000000000000000
                   .681818200000000                   .881000000000000               5936.106000000000000
                   .681818200000000                   .886666700000000               5450.911000000000000
                   .681818200000000                   .892333400000000               4985.400000000000000
                   .681818200000000                   .898000100000000               4540.177000000000000
                   .681818200000000                   .903666700000000               4115.705000000000000
                   .681818200000000                   .909333400000000               3712.339000000000000
                   .681818200000000                   .915000100000000               3330.644000000000000
                   .681818200000000                   .920666800000000               2971.233000000000000
                   .681818200000000                   .926333400000000               2634.896000000000000
                   .681818200000000                   .932000100000000               2322.078000000000000
                   .681818200000000                   .937666800000000               2032.146000000000000
                   .681818200000000                   .943333400000000               1763.428000000000000
                   .681818200000000                   .949000100000000               1514.525000000000000
                   .681818200000000                   .954666800000000               1285.187000000000000
                   .681818200000000                   .960333500000000               1076.698000000000000
                   .681818200000000                   .966000100000000                890.597100000000000
                   .681818200000000                   .971666800000000                726.432600000000000
                   .681818200000000                   .977333500000000                579.139600000000000
                   .681818200000000                   .983000200000000                411.253100000000000
                   .681818200000000                   .988666800000000                232.545400000000000
                   .681818200000000                   .994333500000000                 86.201410000000000
                   .590909100000000                   .864000000000000                   .000000000000000
                   .590909100000000                   .869666700000000                   .000000000000000
                   .590909100000000                   .875333400000000                   .000000000000000
                   .590909100000000                   .881000000000000               7789.104000000000000
                   .590909100000000                   .886666700000000               7156.954000000000000
                   .590909100000000                   .892333400000000               6549.862000000000000
                   .590909100000000                   .898000100000000               5968.667000000000000
                   .590909100000000                   .903666700000000               5414.027000000000000
                   .590909100000000                   .909333400000000               4886.460000000000000
                   .590909100000000                   .915000100000000               4386.762000000000000
                   .590909100000000                   .920666800000000               3915.793000000000000
                   .590909100000000                   .926333400000000               3474.649000000000000
                   .590909100000000                   .932000100000000               3063.974000000000000
                   .590909100000000                   .937666800000000               2682.999000000000000
                   .590909100000000                   .943333400000000               2329.583000000000000
                   .590909100000000                   .949000100000000               2001.933000000000000
                   .590909100000000                   .954666800000000               1699.773000000000000
                   .590909100000000                   .960333500000000               1424.843000000000000
                   .590909100000000                   .966000100000000               1179.224000000000000
                   .590909100000000                   .971666800000000                962.376900000000000
                   .590909100000000                   .977333500000000                700.706400000000000
                   .590909100000000                   .983000200000000                464.414300000000000
                   .590909100000000                   .988666800000000                255.111900000000000
                   .590909100000000                   .994333500000000                 92.938940000000000
                   .500000000000000                   .864000000000000                   .000000000000000
                   .500000000000000                   .869666700000000                   .000000000000000
                   .500000000000000                   .875333400000000                   .000000000000000
                   .500000000000000                   .881000000000000              10636.530000000000000
                   .500000000000000                   .886666700000000               9782.598000000000000
                   .500000000000000                   .892333400000000               8961.322000000000000
                   .500000000000000                   .898000100000000               8173.935000000000000
                   .500000000000000                   .903666700000000               7421.434000000000000
                   .500000000000000                   .909333400000000               6704.628000000000000
                   .500000000000000                   .915000100000000               6024.709000000000000
                   .500000000000000                   .920666800000000               5382.961000000000000
                   .500000000000000                   .926333400000000               4780.998000000000000
                   .500000000000000                   .932000100000000               4219.825000000000000
                   .500000000000000                   .937666800000000               3698.510000000000000
                   .500000000000000                   .943333400000000               3214.239000000000000
                   .500000000000000                   .949000100000000               2746.281000000000000
                   .500000000000000                   .954666800000000               2257.188000000000000
                   .500000000000000                   .960333500000000               1814.780000000000000
                   .500000000000000                   .966000100000000               1420.605000000000000
                   .500000000000000                   .971666800000000               1074.217000000000000
                   .500000000000000                   .977333500000000                771.711300000000000
                   .500000000000000                   .983000200000000                505.933200000000000
                   .500000000000000                   .988666800000000                276.585000000000000
                   .500000000000000                   .994333500000000                100.011100000000000
                   .409090900000000                   .864000000000000                   .000000000000000
                   .409090900000000                   .869666700000000                   .000000000000000
                   .409090900000000                   .875333400000000                   .000000000000000
                   .409090900000000                   .881000000000000              13561.470000000000000
                   .409090900000000                   .886666700000000              12413.220000000000000
                   .409090900000000                   .892333400000000              11310.890000000000000
                   .409090900000000                   .898000100000000              10255.670000000000000
                   .409090900000000                   .903666700000000               9248.584000000000000
                   .409090900000000                   .909333400000000               8290.524000000000000
                   .409090900000000                   .915000100000000               7382.600000000000000
                   .409090900000000                   .920666800000000               6525.962000000000000
                   .409090900000000                   .926333400000000               5721.909000000000000
                   .409090900000000                   .932000100000000               4971.313000000000000
                   .409090900000000                   .937666800000000               4273.850000000000000
                   .409090900000000                   .943333400000000               3628.133000000000000
                   .409090900000000                   .949000100000000               3033.148000000000000
                   .409090900000000                   .954666800000000               2489.117000000000000
                   .409090900000000                   .960333500000000               1997.682000000000000
                   .409090900000000                   .966000100000000               1560.430000000000000
                   .409090900000000                   .971666800000000               1176.809000000000000
                   .409090900000000                   .977333500000000                842.586500000000000
                   .409090900000000                   .983000200000000                550.134200000000000
                   .409090900000000                   .988666800000000                299.225300000000000
                   .409090900000000                   .994333500000000                107.348900000000000
                   .318181800000000                   .864000000000000                   .000000000000000
                   .318181800000000                   .869666700000000                   .000000000000000
                   .318181800000000                   .875333400000000                   .000000000000000
                   .318181800000000                   .881000000000000              15131.480000000000000
                   .318181800000000                   .886666700000000              13839.390000000000000
                   .318181800000000                   .892333400000000              12600.290000000000000
                   .318181800000000                   .898000100000000              11415.420000000000000
                   .318181800000000                   .903666700000000              10285.780000000000000
                   .318181800000000                   .909333400000000               9212.248000000000000
                   .318181800000000                   .915000100000000               8195.948000000000000
                   .318181800000000                   .920666800000000               7238.028000000000000
                   .318181800000000                   .926333400000000               6339.799000000000000
                   .318181800000000                   .932000100000000               5502.106000000000000
                   .318181800000000                   .937666800000000               4724.517000000000000
                   .318181800000000                   .943333400000000               4005.456000000000000
                   .318181800000000                   .949000100000000               3343.757000000000000
                   .318181800000000                   .954666800000000               2739.576000000000000
                   .318181800000000                   .960333500000000               2194.583000000000000
                   .318181800000000                   .966000100000000               1710.382000000000000
                   .318181800000000                   .971666800000000               1286.298000000000000
                   .318181800000000                   .977333500000000                917.753700000000000
                   .318181800000000                   .983000200000000                596.639300000000000
                   .318181800000000                   .988666800000000                322.801100000000000
                   .318181800000000                   .994333500000000                114.858200000000000
                   .227272700000000                   .864000000000000                   .000000000000000
                   .227272700000000                   .869666700000000                   .000000000000000
                   .227272700000000                   .875333400000000                   .000000000000000
                   .227272700000000                   .881000000000000              16842.230000000000000
                   .227272700000000                   .886666700000000              15391.580000000000000
                   .227272700000000                   .892333400000000              14001.960000000000000
                   .227272700000000                   .898000100000000              12674.580000000000000
                   .227272700000000                   .903666700000000              11410.440000000000000
                   .227272700000000                   .909333400000000              10210.370000000000000
                   .227272700000000                   .915000100000000               9075.486000000000000
                   .227272700000000                   .920666800000000               8006.904000000000000
                   .227272700000000                   .926333400000000               7005.921000000000000
                   .227272700000000                   .932000100000000               6073.336000000000000
                   .227272700000000                   .937666800000000               5208.580000000000000
                   .227272700000000                   .943333400000000               4409.872000000000000
                   .227272700000000                   .949000100000000               3675.871000000000000
                   .227272700000000                   .954666800000000               3006.642000000000000
                   .227272700000000                   .960333500000000               2403.863000000000000
                   .227272700000000                   .966000100000000               1869.130000000000000
                   .227272700000000                   .971666800000000               1401.620000000000000
                   .227272700000000                   .977333500000000                996.403400000000000
                   .227272700000000                   .983000200000000                644.889600000000000
                   .227272700000000                   .988666800000000                346.993000000000000
                   .227272700000000                   .994333500000000                122.419900000000000
                   .136363600000000                   .864000000000000                   .000000000000000
                   .136363600000000                   .869666700000000                   .000000000000000
                   .136363600000000                   .875333400000000                   .000000000000000
                   .136363600000000                   .881000000000000              18678.490000000000000
                   .136363600000000                   .886666700000000              17055.710000000000000
                   .136363600000000                   .892333400000000              15502.930000000000000
                   .136363600000000                   .898000100000000              14021.320000000000000
                   .136363600000000                   .903666700000000              12611.810000000000000
                   .136363600000000                   .909333400000000              11275.180000000000000
                   .136363600000000                   .915000100000000              10012.490000000000000
                   .136363600000000                   .920666800000000               8824.811000000000000
                   .136363600000000                   .926333400000000               7713.394000000000000
                   .136363600000000                   .932000100000000               6678.966000000000000
                   .136363600000000                   .937666800000000               5720.796000000000000
                   .136363600000000                   .943333400000000               4836.880000000000000
                   .136363600000000                   .949000100000000               4025.681000000000000
                   .136363600000000                   .954666800000000               3287.153000000000000
                   .136363600000000                   .960333500000000               2622.949000000000000
                   .136363600000000                   .966000100000000               2034.633000000000000
                   .136363600000000                   .971666800000000               1521.215000000000000
                   .136363600000000                   .977333500000000               1077.402000000000000
                   .136363600000000                   .983000200000000                694.137800000000000
                   .136363600000000                   .988666800000000                371.395300000000000
                   .136363600000000                   .994333500000000                129.892500000000000
                   .045454550000000                   .864000000000000                   .000000000000000
                   .045454550000000                   .869666700000000                   .000000000000000
                   .045454550000000                   .875333400000000                   .000000000000000
                   .045454550000000                   .881000000000000              20614.370000000000000
                   .045454550000000                   .886666700000000              18808.210000000000000
                   .045454550000000                   .892333400000000              17081.810000000000000
                   .045454550000000                   .898000100000000              15436.300000000000000
                   .045454550000000                   .903666700000000              13872.530000000000000
                   .045454550000000                   .909333400000000              12391.180000000000000
                   .045454550000000                   .915000100000000              10993.220000000000000
                   .045454550000000                   .920666800000000               9679.654000000000000
                   .045454550000000                   .926333400000000               8451.664000000000000
                   .045454550000000                   .932000100000000               7309.865000000000000
                   .045454550000000                   .937666800000000               6253.353000000000000
                   .045454550000000                   .943333400000000               5279.881000000000000
                   .045454550000000                   .949000100000000               4387.700000000000000
                   .045454550000000                   .954666800000000               3576.630000000000000
                   .045454550000000                   .960333500000000               2848.274000000000000
                   .045454550000000                   .966000100000000               2204.128000000000000
                   .045454550000000                   .971666800000000               1643.019000000000000
                   .045454550000000                   .977333500000000               1159.297000000000000
                   .045454550000000                   .983000200000000                743.460200000000000
                   .045454550000000                   .988666800000000                395.525800000000000
                   .045454550000000                   .994333500000000                137.116700000000000
                  -.045454550000000                   .864000000000000                   .000000000000000
                  -.045454550000000                   .869666700000000                   .000000000000000
                  -.045454550000000                   .875333400000000                   .000000000000000
                  -.045454550000000                   .881000000000000              22613.000000000000000
                  -.045454550000000                   .886666700000000              20615.650000000000000
                  -.045454550000000                   .892333400000000              18708.490000000000000
                  -.045454550000000                   .898000100000000              16892.520000000000000
                  -.045454550000000                   .903666700000000              15168.510000000000000
                  -.045454550000000                   .909333400000000              13537.000000000000000
                  -.045454550000000                   .915000100000000              11998.880000000000000
                  -.045454550000000                   .920666800000000              10555.020000000000000
                  -.045454550000000                   .926333400000000               9206.518000000000000
                  -.045454550000000                   .932000100000000               7953.850000000000000
                  -.045454550000000                   .937666800000000               6795.921000000000000
                  -.045454550000000                   .943333400000000               5730.236000000000000
                  -.045454550000000                   .949000100000000               4754.824000000000000
                  -.045454550000000                   .954666800000000               3869.350000000000000
                  -.045454550000000                   .960333500000000               3075.334000000000000
                  -.045454550000000                   .966000100000000               2374.183000000000000
                  -.045454550000000                   .971666800000000               1764.526000000000000
                  -.045454550000000                   .977333500000000               1240.366000000000000
                  -.045454550000000                   .983000200000000                791.791200000000000
                  -.045454550000000                   .988666800000000                418.846300000000000
                  -.045454550000000                   .994333500000000                143.923600000000000
                  -.136363600000000                   .864000000000000                   .000000000000000
                  -.136363600000000                   .869666700000000                   .000000000000000
                  -.136363600000000                   .875333400000000                   .000000000000000
                  -.136363600000000                   .881000000000000              24627.600000000000000
                  -.136363600000000                   .886666700000000              22435.850000000000000
                  -.136363600000000                   .892333400000000              20345.070000000000000
                  -.136363600000000                   .898000100000000              18356.150000000000000
                  -.136363600000000                   .903666700000000              16469.710000000000000
                  -.136363600000000                   .909333400000000              14686.170000000000000
                  -.136363600000000                   .915000100000000              13006.260000000000000
                  -.136363600000000                   .920666800000000              11430.750000000000000
                  -.136363600000000                   .926333400000000               9960.591000000000000
                  -.136363600000000                   .932000100000000               8596.121000000000000
                  -.136363600000000                   .937666800000000               7336.040000000000000
                  -.136363600000000                   .943333400000000               6177.604000000000000
                  -.136363600000000                   .949000100000000               5118.615000000000000
                  -.136363600000000                   .954666800000000               4158.573000000000000
                  -.136363600000000                   .960333500000000               3298.891000000000000
                  -.136363600000000                   .966000100000000               2540.857000000000000
                  -.136363600000000                   .971666800000000               1882.899000000000000
                  -.136363600000000                   .977333500000000               1318.698000000000000
                  -.136363600000000                   .983000200000000                837.978500000000000
                  -.136363600000000                   .988666800000000                440.792800000000000
                  -.136363600000000                   .994333500000000                150.145100000000000
                  -.227272700000000                   .864000000000000                   .000000000000000
                  -.227272700000000                   .869666700000000                   .000000000000000
                  -.227272700000000                   .875333400000000                   .000000000000000
                  -.227272700000000                   .881000000000000              26604.110000000000000
                  -.227272700000000                   .886666700000000              24220.190000000000000
                  -.227272700000000                   .892333400000000              21948.050000000000000
                  -.227272700000000                   .898000100000000              19788.460000000000000
                  -.227272700000000                   .903666700000000              17741.860000000000000
                  -.227272700000000                   .909333400000000              15808.540000000000000
                  -.227272700000000                   .915000100000000              13989.080000000000000
                  -.227272700000000                   .920666800000000              12284.080000000000000
                  -.227272700000000                   .926333400000000              10694.370000000000000
                  -.227272700000000                   .932000100000000               9220.127000000000000
                  -.227272700000000                   .937666800000000               7859.843000000000000
                  -.227272700000000                   .943333400000000               6610.539000000000000
                  -.227272700000000                   .949000100000000               5469.800000000000000
                  -.227272700000000                   .954666800000000               4436.952000000000000
                  -.227272700000000                   .960333500000000               3513.278000000000000
                  -.227272700000000                   .966000100000000               2699.936000000000000
                  -.227272700000000                   .971666800000000               1995.150000000000000
                  -.227272700000000                   .977333500000000               1392.318000000000000
                  -.227272700000000                   .983000200000000                880.856800000000000
                  -.227272700000000                   .988666800000000                460.812400000000000
                  -.227272700000000                   .994333500000000                155.624800000000000
                  -.318181800000000                   .864000000000000                   .000000000000000
                  -.318181800000000                   .869666700000000                   .000000000000000
                  -.318181800000000                   .875333400000000                   .000000000000000
                  -.318181800000000                   .881000000000000              28485.280000000000000
                  -.318181800000000                   .886666700000000              25917.290000000000000
                  -.318181800000000                   .892333400000000              23471.550000000000000
                  -.318181800000000                   .898000100000000              21148.690000000000000
                  -.318181800000000                   .903666700000000              18948.990000000000000
                  -.318181800000000                   .909333400000000              16872.570000000000000
                  -.318181800000000                   .915000100000000              14919.860000000000000
                  -.318181800000000                   .920666800000000              13091.320000000000000
                  -.318181800000000                   .926333400000000              11387.610000000000000
                  -.318181800000000                   .932000100000000               9808.757000000000000
                  -.318181800000000                   .937666800000000               8353.058000000000000
                  -.318181800000000                   .943333400000000               7017.321000000000000
                  -.318181800000000                   .949000100000000               5798.933000000000000
                  -.318181800000000                   .954666800000000               4697.047000000000000
                  -.318181800000000                   .960333500000000               3712.809000000000000
                  -.318181800000000                   .966000100000000               2847.229000000000000
                  -.318181800000000                   .971666800000000               2098.347000000000000
                  -.318181800000000                   .977333500000000               1459.320000000000000
                  -.318181800000000                   .983000200000000                919.331400000000000
                  -.318181800000000                   .988666800000000                478.402300000000000
                  -.318181800000000                   .994333500000000                160.229500000000000
                  -.409090900000000                   .864000000000000                   .000000000000000
                  -.409090900000000                   .869666700000000                   .000000000000000
                  -.409090900000000                   .875333400000000                   .000000000000000
                  -.409090900000000                   .881000000000000              30215.480000000000000
                  -.409090900000000                   .886666700000000              27477.310000000000000
                  -.409090900000000                   .892333400000000              24871.150000000000000
                  -.409090900000000                   .898000100000000              22397.450000000000000
                  -.409090900000000                   .903666700000000              20056.360000000000000
                  -.409090900000000                   .909333400000000              17847.860000000000000
                  -.409090900000000                   .915000100000000              15772.220000000000000
                  -.409090900000000                   .920666800000000              13829.740000000000000
                  -.409090900000000                   .926333400000000              12020.940000000000000
                  -.409090900000000                   .932000100000000              10345.690000000000000
                  -.409090900000000                   .937666800000000               8802.127000000000000
                  -.409090900000000                   .943333400000000               7386.868000000000000
                  -.409090900000000                   .949000100000000               6097.128000000000000
                  -.409090900000000                   .954666800000000               4931.908000000000000
                  -.409090900000000                   .960333500000000               3892.208000000000000
                  -.409090900000000                   .966000100000000               2978.893000000000000
                  -.409090900000000                   .971666800000000               2189.839000000000000
                  -.409090900000000                   .977333500000000               1518.017000000000000
                  -.409090900000000                   .983000200000000                952.456700000000000
                  -.409090900000000                   .988666800000000                493.145400000000000
                  -.409090900000000                   .994333500000000                163.857800000000000
                  -.500000000000000                   .864000000000000                   .000000000000000
                  -.500000000000000                   .869666700000000                   .000000000000000
                  -.500000000000000                   .875333400000000                   .000000000000000
                  -.500000000000000                   .881000000000000              31745.530000000000000
                  -.500000000000000                   .886666700000000              28856.220000000000000
                  -.500000000000000                   .892333400000000              26107.600000000000000
                  -.500000000000000                   .898000100000000              23500.000000000000000
                  -.500000000000000                   .903666700000000              21033.430000000000000
                  -.500000000000000                   .909333400000000              18707.710000000000000
                  -.500000000000000                   .915000100000000              16523.000000000000000
                  -.500000000000000                   .920666800000000              14479.460000000000000
                  -.500000000000000                   .926333400000000              12577.460000000000000
                  -.500000000000000                   .932000100000000              10816.740000000000000
                  -.500000000000000                   .937666800000000               9195.294000000000000
                  -.500000000000000                   .943333400000000               7709.607000000000000
                  -.500000000000000                   .949000100000000               6356.756000000000000
                  -.500000000000000                   .954666800000000               5135.604000000000000
                  -.500000000000000                   .960333500000000               4047.014000000000000
                  -.500000000000000                   .966000100000000               3091.714000000000000
                  -.500000000000000                   .971666800000000               2267.444000000000000
                  -.500000000000000                   .977333500000000               1567.055000000000000
                  -.500000000000000                   .983000200000000                979.502900000000000
                  -.500000000000000                   .988666800000000                504.738800000000000
                  -.500000000000000                   .994333500000000                166.446600000000000
                  -.590909100000000                   .864000000000000                   .000000000000000
                  -.590909100000000                   .869666700000000                   .000000000000000
                  -.590909100000000                   .875333400000000                   .000000000000000
                  -.590909100000000                   .881000000000000              33036.610000000000000
                  -.590909100000000                   .886666700000000              30019.290000000000000
                  -.590909100000000                   .892333400000000              27150.030000000000000
                  -.590909100000000                   .898000100000000              24429.020000000000000
                  -.590909100000000                   .903666700000000              21856.170000000000000
                  -.590909100000000                   .909333400000000              19431.170000000000000
                  -.590909100000000                   .915000100000000              17154.070000000000000
                  -.590909100000000                   .920666800000000              15024.920000000000000
                  -.590909100000000                   .926333400000000              13043.980000000000000
                  -.590909100000000                   .932000100000000              11210.860000000000000
                  -.590909100000000                   .937666800000000               9523.465000000000000
                  -.590909100000000                   .943333400000000               7978.178000000000000
                  -.590909100000000                   .949000100000000               6571.986000000000000
                  -.590909100000000                   .954666800000000               5303.643000000000000
                  -.590909100000000                   .960333500000000               4173.890000000000000
                  -.590909100000000                   .966000100000000               3183.329000000000000
                  -.590909100000000                   .971666800000000               2329.600000000000000
                  -.590909100000000                   .977333500000000               1605.500000000000000
                  -.590909100000000                   .983000200000000                999.998000000000000
                  -.590909100000000                   .988666800000000                513.009200000000000
                  -.590909100000000                   .994333500000000                167.973600000000000
                  -.681818200000000                   .864000000000000                   .000000000000000
                  -.681818200000000                   .869666700000000                   .000000000000000
                  -.681818200000000                   .875333400000000                   .000000000000000
                  -.681818200000000                   .881000000000000              34062.760000000000000
                  -.681818200000000                   .886666700000000              30943.340000000000000
                  -.681818200000000                   .892333400000000              27977.810000000000000
                  -.681818200000000                   .898000100000000              25166.280000000000000
                  -.681818200000000                   .903666700000000              22508.560000000000000
                  -.681818200000000                   .909333400000000              20004.290000000000000
                  -.681818200000000                   .915000100000000              17653.400000000000000
                  -.681818200000000                   .920666800000000              15455.860000000000000
                  -.681818200000000                   .926333400000000              13411.830000000000000
                  -.681818200000000                   .932000100000000              11520.840000000000000
                  -.681818200000000                   .937666800000000               9780.729000000000000
                  -.681818200000000                   .943333400000000               8187.844000000000000
                  -.681818200000000                   .949000100000000               6739.114000000000000
                  -.681818200000000                   .954666800000000               5433.218000000000000
                  -.681818200000000                   .960333500000000               4270.795000000000000
                  -.681818200000000                   .966000100000000               3252.340000000000000
                  -.681818200000000                   .971666800000000               2375.432000000000000
                  -.681818200000000                   .977333500000000               1632.879000000000000
                  -.681818200000000                   .983000200000000               1013.745000000000000
                  -.681818200000000                   .988666800000000                517.915800000000000
                  -.681818200000000                   .994333500000000                168.455500000000000
                  -.772727300000000                   .864000000000000                   .000000000000000
                  -.772727300000000                   .869666700000000                   .000000000000000
                  -.772727300000000                   .875333400000000                   .000000000000000
                  -.772727300000000                   .881000000000000              34811.700000000000000
                  -.772727300000000                   .886666700000000              31617.390000000000000
                  -.772727300000000                   .892333400000000              28581.210000000000000
                  -.772727300000000                   .898000100000000              25703.210000000000000
                  -.772727300000000                   .903666700000000              22983.150000000000000
                  -.772727300000000                   .909333400000000              20420.600000000000000
                  -.772727300000000                   .915000100000000              18015.440000000000000
                  -.772727300000000                   .920666800000000              15767.570000000000000
                  -.772727300000000                   .926333400000000              13677.090000000000000
                  -.772727300000000                   .932000100000000              11743.470000000000000
                  -.772727300000000                   .937666800000000               9964.517000000000000
                  -.772727300000000                   .943333400000000               8336.599000000000000
                  -.772727300000000                   .949000100000000               6856.633000000000000
                  -.772727300000000                   .954666800000000               5523.253000000000000
                  -.772727300000000                   .960333500000000               4337.014000000000000
                  -.772727300000000                   .966000100000000               3298.329000000000000
                  -.772727300000000                   .971666800000000               2404.752000000000000
                  -.772727300000000                   .977333500000000               1649.167000000000000
                  -.772727300000000                   .983000200000000               1020.808000000000000
                  -.772727300000000                   .988666800000000                519.541300000000000
                  -.772727300000000                   .994333500000000                167.943300000000000
                  -.863636400000000                   .864000000000000                   .000000000000000
                  -.863636400000000                   .869666700000000                   .000000000000000
                  -.863636400000000                   .875333400000000                   .000000000000000
                  -.863636400000000                   .881000000000000              35284.120000000000000
                  -.863636400000000                   .886666700000000              32042.100000000000000
                  -.863636400000000                   .892333400000000              28960.850000000000000
                  -.863636400000000                   .898000100000000              26040.410000000000000
                  -.863636400000000                   .903666700000000              23280.500000000000000
                  -.863636400000000                   .909333400000000              20680.660000000000000
                  -.863636400000000                   .915000100000000              18240.750000000000000
                  -.863636400000000                   .920666800000000              15960.610000000000000
                  -.863636400000000                   .926333400000000              13840.310000000000000
                  -.863636400000000                   .932000100000000              11879.300000000000000
                  -.863636400000000                   .937666800000000              10075.400000000000000
                  -.863636400000000                   .943333400000000               8425.016000000000000
                  -.863636400000000                   .949000100000000               6925.104000000000000
                  -.863636400000000                   .954666800000000               5574.290000000000000
                  -.863636400000000                   .960333500000000               4373.064000000000000
                  -.863636400000000                   .966000100000000               3321.779000000000000
                  -.863636400000000                   .971666800000000               2418.000000000000000
                  -.863636400000000                   .977333500000000               1654.744000000000000
                  -.863636400000000                   .983000200000000               1021.482000000000000
                  -.863636400000000                   .988666800000000                518.073500000000000
                  -.863636400000000                   .994333500000000                166.516200000000000
                  -.954545400000000                   .864000000000000                   .000000000000000
                  -.954545400000000                   .869666700000000                   .000000000000000
                  -.954545400000000                   .875333400000000                   .000000000000000
                  -.954545400000000                   .881000000000000              35491.760000000000000
                  -.954545400000000                   .886666700000000              32228.020000000000000
                  -.954545400000000                   .892333400000000              29126.200000000000000
                  -.954545400000000                   .898000100000000              26186.320000000000000
                  -.954545400000000                   .903666700000000              23408.110000000000000
                  -.954545400000000                   .909333400000000              20791.100000000000000
                  -.954545400000000                   .915000100000000              18335.120000000000000
                  -.954545400000000                   .920666800000000              16040.050000000000000
                  -.954545400000000                   .926333400000000              13905.910000000000000
                  -.954545400000000                   .932000100000000              11932.140000000000000
                  -.954545400000000                   .937666800000000              10116.620000000000000
                  -.954545400000000                   .943333400000000               8455.849000000000000
                  -.954545400000000                   .949000100000000               6946.843000000000000
                  -.954545400000000                   .954666800000000               5588.241000000000000
                  -.954545400000000                   .960333500000000               4380.498000000000000
                  -.954545400000000                   .966000100000000               3323.925000000000000
                  -.954545400000000                   .971666800000000               2416.134000000000000
                  -.954545400000000                   .977333500000000               1650.320000000000000
                  -.954545400000000                   .983000200000000               1016.248000000000000
                  -.954545400000000                   .988666800000000                513.781100000000000
                  -.954545400000000                   .994333500000000                164.273100000000000
