   n0    forbl   xmorbl  eorbl
  1      .000      .000      .000
  2      .000      .000      .000
  3      .000      .000      .000
  4      .000      .000      .000
  5      .000      .000      .000
  6      .000      .000      .000
  7      .000      .000      .000
  8      .000      .000      .000
  9      .000      .000      .000
 10      .000      .000      .000
 11      .000      .000      .000
 12      .000      .000      .000
 13      .000      .000      .000
 14      .000      .000      .000
 15      .000      .000      .000
 16      .000      .000      .000
 17      .000      .000      .000
 18      .000      .000      .000
 19      .000      .000      .000
 20      .000      .000      .000
 21      .000      .000      .000
 22      .000      .000      .000
 23      .000      .000      .000
 24      .000      .000      .000
   n0    forblC   xmorblC  eorblC
  1      .000      .000      .000
  2      .000      .000      .000
  3      .000      .000      .000
  4      .000      .000      .000
  5      .000      .000      .000
  6      .000      .000      .000
  7      .000      .000      .000
  8      .000      .000      .000
  9      .000      .000      .000
 10      .000      .000      .000
 11      .000      .000      .000
 12      .000      .000      .000
 13      .000      .000      .000
 14      .000      .000      .000
 15      .000      .000      .000
 16      .000      .000      .000
 17      .000      .000      .000
 18      .000      .000      .000
 19      .000      .000      .000
 20      .000      .000      .000
 21      .000      .000      .000
 22      .000      .000      .000
 23      .000      .000      .000
 24      .000      .000      .000
  n0   intrinD   intrinC  NBIreturn   Snbi      dFdr
  1  .000E+00  .000E+00  .000E+00  .000E+00  .000E+00
  2  .000E+00  .000E+00  .000E+00  .000E+00  .000E+00
  3  .000E+00  .000E+00  .000E+00  .000E+00  .000E+00
  4  .000E+00  .000E+00  .000E+00  .000E+00  .000E+00
  5  .000E+00  .000E+00  .000E+00  .000E+00  .000E+00
  6  .000E+00  .000E+00  .000E+00  .000E+00  .000E+00
  7  .000E+00  .000E+00  .000E+00  .000E+00  .000E+00
  8  .000E+00  .000E+00  .000E+00  .000E+00  .000E+00
  9  .000E+00  .000E+00  .000E+00  .000E+00  .000E+00
 10  .000E+00  .000E+00  .000E+00  .000E+00  .000E+00
 11  .000E+00  .000E+00  .000E+00  .000E+00  .000E+00
 12  .000E+00  .000E+00  .000E+00  .000E+00  .000E+00
 13  .000E+00  .000E+00  .000E+00  .000E+00  .000E+00
 14  .000E+00  .000E+00  .000E+00  .000E+00  .000E+00
 15  .000E+00  .000E+00  .000E+00  .000E+00  .000E+00
 16  .000E+00  .000E+00  .000E+00  .000E+00  .000E+00
 17  .000E+00  .000E+00  .000E+00  .000E+00  .000E+00
 18  .000E+00  .000E+00  .000E+00  .000E+00  .000E+00
 19  .000E+00  .000E+00  .000E+00  .000E+00  .000E+00
 20  .000E+00  .000E+00  .000E+00  .000E+00  .000E+00
 21  .000E+00  .000E+00  .000E+00  .000E+00  .000E+00
 22  .000E+00  .000E+00  .000E+00  .000E+00  .000E+00
 23  .000E+00  .000E+00  .000E+00  .000E+00  .000E+00
 24  .000E+00  .000E+00  .000E+00  .000E+00  .000E+00
 n0         ffrac1    ffrac2    ffrac3         nbdep1    nbilost   nbitot
 1         .00         .00         .00       .00      .000E+00    .000E+00
 2         .00         .00         .00       .00      .000E+00    .000E+00
 3         .00         .00         .00       .00      .000E+00    .000E+00
 4         .00         .00         .00       .00      .000E+00    .000E+00
 5         .00         .00         .00       .00      .000E+00    .000E+00
 6         .00         .00         .00       .00      .000E+00    .000E+00
 7         .00         .00         .00       .00      .000E+00    .000E+00
 8         .00         .00         .00       .00      .000E+00    .000E+00
 9         .00         .00         .00       .00      .000E+00    .000E+00
10         .00         .00         .00       .00      .000E+00    .000E+00
11         .00         .00         .00       .00      .000E+00    .000E+00
12         .00         .00         .00       .00      .000E+00    .000E+00
13         .00         .00         .00       .00      .000E+00    .000E+00
14         .00         .00         .00       .00      .000E+00    .000E+00
15         .00         .00         .00       .00      .000E+00    .000E+00
16         .00         .00         .00       .00      .000E+00    .000E+00
17         .00         .00         .00       .00      .000E+00    .000E+00
18         .00         .00         .00       .00      .000E+00    .000E+00
19         .00         .00         .00       .00      .000E+00    .000E+00
20         .00         .00         .00       .00      .000E+00    .000E+00
21         .00         .00         .00       .00      .000E+00    .000E+00
22         .00         .00         .00       .00      .000E+00    .000E+00
23         .00         .00         .00       .00      .000E+00    .000E+00
24         .00         .00         .00       .00      .000E+00    .000E+00
25         .00         .00         .00       .00      .000E+00    .000E+00
26         .00         .00         .00       .00      .000E+00    .000E+00
27         .00         .00         .00       .00      .000E+00    .000E+00
28         .00         .00         .00       .00      .000E+00    .000E+00
29         .00         .00         .00       .00      .000E+00    .000E+00
30         .00         .00         .00       .00      .000E+00    .000E+00
31         .00         .00         .00       .00      .000E+00    .000E+00
32         .00         .00         .00       .00      .000E+00    .000E+00
33         .00         .00         .00       .00      .000E+00    .000E+00
34         .00         .00         .00       .00      .000E+00    .000E+00
35         .00         .00         .00       .00      .000E+00    .000E+00
36         .00         .00         .00       .00      .000E+00    .000E+00
37         .00         .00         .00       .00      .000E+00    .000E+00
38         .00         .00         .00       .00      .000E+00    .000E+00
39         .00         .00         .00       .00      .000E+00    .000E+00
40         .00         .00         .00       .00      .000E+00    .000E+00
41         .00         .00         .00       .00      .000E+00    .000E+00
42         .00         .00         .00       .00      .000E+00    .000E+00
43         .00         .00         .00       .00      .000E+00    .000E+00
44         .00         .00         .00       .00      .000E+00    .000E+00
45         .00         .00         .00       .00      .000E+00    .000E+00
46         .00         .00         .00       .00      .000E+00    .000E+00
47         .00         .00         .00       .00      .000E+00    .000E+00
48         .00         .00         .00       .00      .000E+00    .000E+00
49         .00         .00         .00       .00      .000E+00    .000E+00
50         .00         .00         .00       .00      .000E+00    .000E+00
