   n0    forbl   xmorbl  eorbl
  1      .001      .002      .004
  2      .002      .004      .008
  3      .003      .005      .010
  4      .004      .007      .013
  5      .005      .008      .016
  6      .007      .011      .019
  7      .009      .013      .024
  8      .011      .017      .029
  9      .015      .021      .036
 10      .019      .026      .044
 11      .024      .031      .053
 12      .031      .038      .064
 13      .039      .045      .077
 14      .049      .053      .094
 15      .063      .063      .115
 16      .081      .072      .143
 17      .106      .080      .182
 18      .141      .084      .235
 19      .191      .080      .302
 20      .258      .064      .377
 21      .341      .041      .443
 22      .421      .017      .484
 23      .479      .003      .498
 24      .500      .000      .500
   n0    forblC   xmorblC  eorblC
  1      .000      .002      .000
  2      .000      .004      .000
  3      .000      .005      .000
  4      .000      .007      .000
  5      .000      .008      .000
  6      .000      .011      .000
  7      .000      .013      .000
  8      .000      .017      .000
  9      .000      .021      .000
 10      .000      .026      .000
 11      .000      .031      .000
 12      .000      .038      .000
 13      .000      .045      .001
 14      .000      .053      .001
 15      .001      .063      .003
 16      .002      .072      .007
 17      .005      .080      .015
 18      .011      .084      .028
 19      .022      .080      .049
 20      .043      .064      .081
 21      .080      .041      .136
 22      .158      .017      .249
 23      .326      .003      .427
 24      .494      .000      .500
  n0   intrinD   intrinC  NBIreturn   Snbi      dFdr
  1  .517E+03  .211E+03  .000E+00  .000E+00  .214E+00
  2  .119E+04  .484E+03  .000E+00  .000E+00  .116E+00
  3  .152E+04  .619E+03  .000E+00  .000E+00  .154E+00
  4  .194E+04  .790E+03  .000E+00  .000E+00  .194E+00
  5  .243E+04  .994E+03  .000E+00  .000E+00  .254E+00
  6  .306E+04  .125E+04  .000E+00  .000E+00  .332E+00
  7  .383E+04  .156E+04  .000E+00  .000E+00  .411E+00
  8  .472E+04  .193E+04  .000E+00  .000E+00  .528E+00
  9  .580E+04  .237E+04  .000E+00  .000E+00  .686E+00
 10  .712E+04  .291E+04  .000E+00  .000E+00  .830E+00
 11  .858E+04  .350E+04  .000E+00  .000E+00  .105E+01
 12  .103E+05  .420E+04  .000E+00  .000E+00  .136E+01
 13  .123E+05  .501E+04  .000E+00  .000E+00  .167E+01
 14  .144E+05  .587E+04  .000E+00  .000E+00  .217E+01
 15  .167E+05  .682E+04  .000E+00  .000E+00  .294E+01
 16  .191E+05  .779E+04  .000E+00  .000E+00  .398E+01
 17  .210E+05  .858E+04  .000E+00  .000E+00  .566E+01
 18  .218E+05  .891E+04  .000E+00  .000E+00  .799E+01
 19  .205E+05  .838E+04  .000E+00  .000E+00  .109E+02
 20  .165E+05  .673E+04  .000E+00  .000E+00  .133E+02
 21  .103E+05  .420E+04  .000E+00  .000E+00  .130E+02
 22  .429E+04  .175E+04  .000E+00  .000E+00  .924E+01
 23  .831E+03  .339E+03  .000E+00  .000E+00  .333E+01
 24  .829E+01  .339E+01  .000E+00  .000E+00  .000E+00
 n0         ffrac1    ffrac2    ffrac3         nbdep1    nbilost   nbitot
 1         .00         .00         .00       .00      .000E+00    .000E+00
 2         .00         .00         .00       .00      .000E+00    .000E+00
 3         .00         .00         .00       .00      .000E+00    .000E+00
 4         .00         .00         .00       .00      .000E+00    .000E+00
 5         .00         .00         .00       .00      .000E+00    .000E+00
 6         .00         .00         .00       .00      .000E+00    .000E+00
 7         .00         .00         .00       .00      .000E+00    .000E+00
 8         .00         .00         .00       .00      .000E+00    .000E+00
 9         .00         .00         .00       .00      .000E+00    .000E+00
10         .00         .00         .00       .00      .000E+00    .000E+00
11         .00         .00         .00       .00      .000E+00    .000E+00
12         .00         .00         .00       .00      .000E+00    .000E+00
13         .00         .00         .00       .00      .000E+00    .000E+00
14         .00         .00         .00       .00      .000E+00    .000E+00
15         .00         .00         .00       .00      .000E+00    .000E+00
16         .00         .00         .00       .00      .000E+00    .000E+00
17         .00         .00         .00       .00      .000E+00    .000E+00
18         .00         .00         .00       .00      .000E+00    .000E+00
19         .00         .00         .00       .00      .000E+00    .000E+00
20         .00         .00         .00       .00      .000E+00    .000E+00
21         .00         .00         .00       .00      .000E+00    .000E+00
22         .00         .00         .00       .00      .000E+00    .000E+00
23         .00         .00         .00       .00      .000E+00    .000E+00
24         .00         .00         .00       .00      .000E+00    .000E+00
25         .00         .00         .00       .00      .000E+00    .000E+00
26         .00         .00         .00       .00      .000E+00    .000E+00
27         .00         .00         .00       .00      .000E+00    .000E+00
28         .00         .00         .00       .00      .000E+00    .000E+00
29         .00         .00         .00       .00      .000E+00    .000E+00
30         .00         .00         .00       .00      .000E+00    .000E+00
31         .00         .00         .00       .00      .000E+00    .000E+00
32         .00         .00         .00       .00      .000E+00    .000E+00
33         .00         .00         .00       .00      .000E+00    .000E+00
34         .00         .00         .00       .00      .000E+00    .000E+00
35         .00         .00         .00       .00      .000E+00    .000E+00
36         .00         .00         .00       .00      .000E+00    .000E+00
37         .00         .00         .00       .00      .000E+00    .000E+00
38         .00         .00         .00       .00      .000E+00    .000E+00
39         .00         .00         .00       .00      .000E+00    .000E+00
40         .00         .00         .00       .00      .000E+00    .000E+00
41         .00         .00         .00       .00      .000E+00    .000E+00
42         .00         .00         .00       .00      .000E+00    .000E+00
43         .00         .00         .00       .00      .000E+00    .000E+00
44         .00         .00         .00       .00      .000E+00    .000E+00
45         .00         .00         .00       .00      .000E+00    .000E+00
46         .00         .00         .00       .00      .000E+00    .000E+00
47         .00         .00         .00       .00      .000E+00    .000E+00
48         .00         .00         .00       .00      .000E+00    .000E+00
49         .00         .00         .00       .00      .000E+00    .000E+00
50         .00         .00         .00       .00      .000E+00    .000E+00
