 vintrinC(24)
                210.794600000000000
                483.239700000000000
                617.708400000000000
                789.201800000000000
                992.319500000000000
               1246.188000000000000
               1560.776000000000000
               1924.450000000000000
               2364.838000000000000
               2902.487000000000000
               3496.632000000000000
               4190.677000000000000
               5003.337000000000000
               5865.738000000000000
               6808.167000000000000
               7780.037000000000000
               8563.023000000000000
               8899.110000000000000
               8369.955000000000000
               6717.878000000000000
               4192.451000000000000
               1750.311000000000000
                338.647100000000000
                  3.381153000000000
