 Tion(24)
                409.670300000000000
                403.719900000000000
                396.743500000000000
                389.926100000000000
                383.279200000000000
                376.810400000000000
                371.541100000000000
                365.338600000000000
                359.225300000000000
                353.142900000000000
                347.046100000000000
                341.916300000000000
                335.667500000000000
                329.261300000000000
                322.648400000000000
                315.780800000000000
                308.611100000000000
                302.371500000000000
                294.517700000000000
                286.227400000000000
                277.446200000000000
                268.120100000000000
                259.895400000000000
                249.451600000000000
                238.318300000000000
                   .000000000000000
