 ephi(??)
                138.145200000000000
                102.865200000000000
                 69.142430000000000
                 37.135300000000000
                  6.854534000000000
                -21.702800000000000
                -48.701450000000000
                -74.186860000000000
                -98.089430000000000
               -120.510800000000000
               -141.574300000000000
               -161.518600000000000
               -180.229800000000000
               -196.624700000000000
               -208.754300000000000
               -214.961700000000000
               -214.572900000000000
               -208.048800000000000
               -195.793100000000000
               -176.475400000000000
               -145.871200000000000
                -97.215450000000000
                -29.886470000000000
                 42.632760000000000
                100.000000000000000
                   .000000000000000
