 Tion(24)
                721.000000000000000
                710.000000000000000
                700.000000000000000
                691.000000000000000
                680.000000000000000
                670.000000000000000
                661.000000000000000
                650.000000000000000
                640.000000000000000
                632.000000000000000
                621.000000000000000
                611.000000000000000
                603.000000000000000
                592.000000000000000
                582.000000000000000
                574.000000000000000
                564.000000000000000
                555.000000000000000
                545.000000000000000
                535.000000000000000
                527.000000000000000
                517.000000000000000
                507.000000000000000
                499.000000000000000
                489.000000000000000
                   .000000000000000
