 vintrinC(24)
                   .000000000000000
                   .000000000000000
                   .000000000000000
                   .000000000000000
                   .001215778000000
                   .003620416000000
                   .017730360000000
                   .064788860000000
                   .239539300000000
                   .863266900000000
                  2.797761000000000
                  8.657177000000000
                 25.648670000000000
                 68.389020000000000
                171.606800000000000
                404.800200000000000
                866.246200000000000
               1709.476000000000000
               3074.563000000000000
               5072.415000000000000
               7627.729000000000000
               9259.481000000000000
               5328.074000000000000
                111.338800000000000
