 forbl(24)
                   .000000103942100
                   .000001066935000
                   .000002117056000
                   .000004350282000
                   .000008585921000
                   .000017416410000
                   .000034924540000
                   .000069257530000
                   .000139311500000
                   .000268604700000
                   .000521677700000
                   .000992364100000
                   .001846152000000
                   .003353418000000
                   .005936895000000
                   .010354160000000
                   .017334910000000
                   .028583660000000
                   .046419560000000
                   .076261450000000
                   .131947400000000
                   .234019600000000
                   .379707800000000
                   .485283900000000
                   .000000000000000
                   .000000000000000
