 vintrin(24)
                   .066449370000000
                   .588405800000000
                  1.127861000000000
                  2.225593000000000
                  4.199665000000000
                  8.120502000000000
                 15.498850000000000
                 29.166920000000000
                 55.508060000000000
                100.896400000000000
                184.095500000000000
                327.662100000000000
                567.768700000000000
                955.618200000000000
               1558.413000000000000
               2487.586000000000000
               3775.959000000000000
               5571.408000000000000
               7868.169000000000000
              10431.030000000000000
              12038.350000000000000
               9879.085000000000000
               3965.142000000000000
                280.650100000000000
                   .000000000000000
                   .000000000000000
