 minEtta(22,24)
                 13.783030000000000
                 16.954380000000000
                 21.000000000000000
                 21.000000000000000
                 21.000000000000000
                 21.000000000000000
                 21.000000000000000
                 21.000000000000000
                 21.000000000000000
                 21.000000000000000
                 21.000000000000000
                 21.000000000000000
                 21.000000000000000
                 21.000000000000000
                 21.000000000000000
                 21.000000000000000
                 21.000000000000000
                 21.000000000000000
                 21.000000000000000
                 21.000000000000000
                 21.000000000000000
                 21.000000000000000
                 11.451550000000000
                 13.914430000000000
                 17.254570000000000
                 21.000000000000000
                 21.000000000000000
                 21.000000000000000
                 21.000000000000000
                 21.000000000000000
                 21.000000000000000
                 21.000000000000000
                 21.000000000000000
                 21.000000000000000
                 21.000000000000000
                 21.000000000000000
                 21.000000000000000
                 21.000000000000000
                 21.000000000000000
                 21.000000000000000
                 21.000000000000000
                 21.000000000000000
                 21.000000000000000
                 21.000000000000000
                 10.745370000000000
                 13.059590000000000
                 16.199890000000000
                 20.604590000000000
                 21.000000000000000
                 21.000000000000000
                 21.000000000000000
                 21.000000000000000
                 21.000000000000000
                 21.000000000000000
                 21.000000000000000
                 21.000000000000000
                 21.000000000000000
                 21.000000000000000
                 21.000000000000000
                 21.000000000000000
                 21.000000000000000
                 21.000000000000000
                 21.000000000000000
                 21.000000000000000
                 21.000000000000000
                 21.000000000000000
                 10.007890000000000
                 12.166250000000000
                 15.096750000000000
                 19.210360000000000
                 21.000000000000000
                 21.000000000000000
                 21.000000000000000
                 21.000000000000000
                 21.000000000000000
                 21.000000000000000
                 21.000000000000000
                 21.000000000000000
                 21.000000000000000
                 21.000000000000000
                 21.000000000000000
                 21.000000000000000
                 21.000000000000000
                 21.000000000000000
                 21.000000000000000
                 21.000000000000000
                 21.000000000000000
                 21.000000000000000
                  9.314981000000000
                 11.326680000000000
                 14.059600000000000
                 17.898860000000000
                 21.000000000000000
                 21.000000000000000
                 21.000000000000000
                 21.000000000000000
                 21.000000000000000
                 21.000000000000000
                 21.000000000000000
                 21.000000000000000
                 21.000000000000000
                 21.000000000000000
                 21.000000000000000
                 21.000000000000000
                 21.000000000000000
                 21.000000000000000
                 21.000000000000000
                 21.000000000000000
                 21.000000000000000
                 21.000000000000000
                  8.596346000000000
                 10.455400000000000
                 12.982380000000000
                 16.535110000000000
                 21.000000000000000
                 21.000000000000000
                 21.000000000000000
                 21.000000000000000
                 21.000000000000000
                 21.000000000000000
                 21.000000000000000
                 21.000000000000000
                 21.000000000000000
                 21.000000000000000
                 21.000000000000000
                 21.000000000000000
                 21.000000000000000
                 21.000000000000000
                 21.000000000000000
                 21.000000000000000
                 21.000000000000000
                 21.000000000000000
                  7.889893000000000
                  9.598510000000000
                 11.922320000000000
                 15.191960000000000
                 19.989570000000000
                 21.000000000000000
                 21.000000000000000
                 21.000000000000000
                 21.000000000000000
                 21.000000000000000
                 21.000000000000000
                 21.000000000000000
                 21.000000000000000
                 21.000000000000000
                 21.000000000000000
                 21.000000000000000
                 21.000000000000000
                 21.000000000000000
                 21.000000000000000
                 21.000000000000000
                 21.000000000000000
                 21.000000000000000
                  7.197050000000000
                  8.757758000000000
                 10.881610000000000
                 13.872230000000000
                 18.265310000000000
                 21.000000000000000
                 21.000000000000000
                 21.000000000000000
                 21.000000000000000
                 21.000000000000000
                 21.000000000000000
                 21.000000000000000
                 21.000000000000000
                 21.000000000000000
                 21.000000000000000
                 21.000000000000000
                 21.000000000000000
                 21.000000000000000
                 21.000000000000000
                 21.000000000000000
                 21.000000000000000
                 21.000000000000000
                  6.492682000000000
                  7.902564000000000
                  9.822256000000000
                 12.527500000000000
                 16.505830000000000
                 21.000000000000000
                 21.000000000000000
                 21.000000000000000
                 21.000000000000000
                 21.000000000000000
                 21.000000000000000
                 21.000000000000000
                 21.000000000000000
                 21.000000000000000
                 21.000000000000000
                 21.000000000000000
                 21.000000000000000
                 21.000000000000000
                 21.000000000000000
                 21.000000000000000
                 21.000000000000000
                 21.000000000000000
                  5.834128000000000
                  7.102727000000000
                  8.831023000000000
                 11.268460000000000
                 14.856950000000000
                 19.490710000000000
                 21.000000000000000
                 21.000000000000000
                 21.000000000000000
                 21.000000000000000
                 21.000000000000000
                 21.000000000000000
                 21.000000000000000
                 21.000000000000000
                 21.000000000000000
                 21.000000000000000
                 21.000000000000000
                 21.000000000000000
                 21.000000000000000
                 21.000000000000000
                 21.000000000000000
                 21.000000000000000
                  5.172280000000000
                  6.298487000000000
                  7.833662000000000
                 10.000420000000000
                 13.193990000000000
                 17.346980000000000
                 19.614470000000000
                 21.000000000000000
                 21.000000000000000
                 21.000000000000000
                 21.000000000000000
                 21.000000000000000
                 21.000000000000000
                 21.000000000000000
                 21.000000000000000
                 21.000000000000000
                 21.000000000000000
                 21.000000000000000
                 21.000000000000000
                 21.000000000000000
                 21.000000000000000
                 21.000000000000000
                  4.535919000000000
                  5.524899000000000
                  6.873774000000000
                  8.779079000000000
                 11.590440000000000
                 15.276360000000000
                 17.291930000000000
                 19.037060000000000
                 20.903920000000000
                 21.000000000000000
                 21.000000000000000
                 21.000000000000000
                 21.000000000000000
                 21.000000000000000
                 21.000000000000000
                 21.000000000000000
                 21.000000000000000
                 21.000000000000000
                 21.000000000000000
                 21.000000000000000
                 21.000000000000000
                 21.000000000000000
                  3.927285000000000
                  4.784715000000000
                  5.954829000000000
                  7.608921000000000
                 10.052340000000000
                 13.286660000000000
                 15.059410000000000
                 16.572510000000000
                 18.190330000000000
                 19.896220000000000
                 21.000000000000000
                 21.000000000000000
                 21.000000000000000
                 21.000000000000000
                 21.000000000000000
                 21.000000000000000
                 21.000000000000000
                 21.000000000000000
                 21.000000000000000
                 21.000000000000000
                 21.000000000000000
                 21.000000000000000
                  3.349042000000000
                  4.081206000000000
                  5.080938000000000
                  6.495279000000000
                  8.586892000000000
                 11.386980000000000
                 12.926830000000000
                 14.220310000000000
                 15.602700000000000
                 17.059750000000000
                 18.570900000000000
                 20.109400000000000
                 21.000000000000000
                 21.000000000000000
                 21.000000000000000
                 21.000000000000000
                 21.000000000000000
                 21.000000000000000
                 21.000000000000000
                 21.000000000000000
                 21.000000000000000
                 21.000000000000000
                  2.804211000000000
                  3.418085000000000
                  4.256767000000000
                  5.444195000000000
                  7.202216000000000
                  9.587571000000000
                 10.905300000000000
                 11.992460000000000
                 13.153890000000000
                 14.377660000000000
                 15.646540000000000
                 16.938190000000000
                 18.225900000000000
                 19.480010000000000
                 20.669800000000000
                 21.000000000000000
                 21.000000000000000
                 21.000000000000000
                 21.000000000000000
                 21.000000000000000
                 21.000000000000000
                 21.000000000000000
                  2.284997000000000
                  2.785875000000000
                  3.470564000000000
                  4.440722000000000
                  5.878691000000000
                  7.861606000000000
                  8.963678000000000
                  9.854440000000000
                 10.805770000000000
                 11.807930000000000
                 12.846870000000000
                 13.904400000000000
                 14.958780000000000
                 15.985870000000000
                 16.960650000000000
                 17.859030000000000
                 18.659540000000000
                 19.344810000000000
                 19.902540000000000
                 20.325950000000000
                 20.613670000000000
                 20.769170000000000
                  1.818949000000000
                  2.218194000000000
                  2.764262000000000
                  3.538606000000000
                  4.687632000000000
                  6.303622000000000
                  7.209026000000000
                  7.923653000000000
                  8.686741000000000
                  9.490503000000000
                 10.323750000000000
                 11.171970000000000
                 12.017850000000000
                 12.842130000000000
                 13.624860000000000
                 14.346800000000000
                 14.990770000000000
                 15.542850000000000
                 15.993130000000000
                 16.336080000000000
                 16.570500000000000
                 16.699040000000000
                  1.389785000000000
                  1.695235000000000
                  2.113246000000000
                  2.706460000000000
                  3.587708000000000
                  4.857621000000000
                  5.576776000000000
                  6.128775000000000
                  6.718194000000000
                  7.339067000000000
                  7.982811000000000
                  8.638300000000000
                  9.292237000000000
                  9.929836000000000
                 10.535760000000000
                 11.095190000000000
                 11.594880000000000
                 12.024030000000000
                 12.374950000000000
                 12.643270000000000
                 12.827960000000000
                 12.930940000000000
                  1.012024000000000
                  1.234740000000000
                  1.539697000000000
                  1.972808000000000
                  2.616937000000000
                  3.574107000000000
                  4.123991000000000
                  4.532156000000000
                  4.968081000000000
                  5.427405000000000
                  5.903839000000000
                  6.389218000000000
                  6.873774000000000
                  7.346625000000000
                  7.796470000000000
                  8.212356000000000
                  8.584469000000000
                  8.904789000000000
                  9.167543000000000
                  9.369422000000000
                  9.509551000000000
                  9.589257000000000
                   .689296300000000
                   .841185400000000
                  1.049277000000000
                  1.345044000000000
                  1.785406000000000
                  2.454938000000000
                  2.865480000000000
                  3.149669000000000
                  3.453355000000000
                  3.773551000000000
                  4.105933000000000
                  4.444865000000000
                  4.783586000000000
                  5.114549000000000
                  5.429890000000000
                  5.721968000000000
                  5.983908000000000
                  6.210064000000000
                  6.396333000000000
                  6.540321000000000
                  6.641325000000000
                  6.700178000000000
                   .422871000000000
                   .516171500000000
                   .644064900000000
                   .825982600000000
                  1.097137000000000
                  1.518240000000000
                  1.806825000000000
                  1.987031000000000
                  2.179820000000000
                  2.383344000000000
                  2.594909000000000
                  2.810980000000000
                  3.027296000000000
                  3.239077000000000
                  3.441323000000000
                  3.629152000000000
                  3.798148000000000
                  3.944656000000000
                  4.065991000000000
                  4.160549000000000
                  4.227797000000000
                  4.268188000000000
                   .221627400000000
                   .270587700000000
                   .337737300000000
                   .433323500000000
                   .575954600000000
                   .802317000000000
                   .987070400000000
                  1.086749000000000
                  1.193625000000000
                  1.306724000000000
                  1.424595000000000
                  1.545312000000000
                  1.666531000000000
                  1.785603000000000
                  1.899734000000000
                  2.006177000000000
                  2.102424000000000
                  2.186377000000000
                  2.256469000000000
                  2.311732000000000
                  2.351797000000000
                  2.376852000000000
                   .083619370000000
                   .102114700000000
                   .127494700000000
                   .163649300000000
                   .217656600000000
                   .303512300000000
                   .402029900000000
                   .444317700000000
                   .489459200000000
                   .537487900000000
                   .587828300000000
                   .639693600000000
                   .692104700000000
                   .743935000000000
                   .793977200000000
                   .841025800000000
                   .883962600000000
                   .921832700000000
                   .953902600000000
                   .979693600000000
                   .998987600000000
                  1.011811000000000
                   .011305160000000
                   .013808720000000
                   .017246000000000
                   .022146090000000
                   .029473650000000
                   .041141650000000
                   .061396250000000
                   .078859400000000
                   .088011540000000
                   .097963710000000
                   .108632100000000
                   .119880100000000
                   .131518300000000
                   .143310500000000
                   .154987000000000
                   .166262400000000
                   .176856800000000
                   .186516400000000
                   .195030400000000
                   .202242700000000
                   .208057500000000
                   .212438100000000
                 21.000000000000000
                 21.000000000000000
                 21.000000000000000
                 21.000000000000000
                 21.000000000000000
                 21.000000000000000
                 21.000000000000000
                 21.000000000000000
                 21.000000000000000
                 21.000000000000000
                 21.000000000000000
                 21.000000000000000
                 21.000000000000000
                 21.000000000000000
                 21.000000000000000
                 21.000000000000000
                 21.000000000000000
                 21.000000000000000
                 21.000000000000000
                 21.000000000000000
                 21.000000000000000
                 21.000000000000000
                 21.000000000000000
                 21.000000000000000
                 21.000000000000000
                 21.000000000000000
                 21.000000000000000
                 21.000000000000000
                 21.000000000000000
                 21.000000000000000
                 21.000000000000000
                 21.000000000000000
                 21.000000000000000
                 21.000000000000000
                 21.000000000000000
                 21.000000000000000
                 21.000000000000000
                 21.000000000000000
                 21.000000000000000
                 21.000000000000000
                 21.000000000000000
                 21.000000000000000
                 21.000000000000000
                 21.000000000000000
                 21.000000000000000
                 21.000000000000000
                 21.000000000000000
                 21.000000000000000
                 21.000000000000000
                 21.000000000000000
                 21.000000000000000
                 21.000000000000000
                 21.000000000000000
                 21.000000000000000
                 21.000000000000000
                 21.000000000000000
                 21.000000000000000
                 21.000000000000000
                 21.000000000000000
                 21.000000000000000
                 21.000000000000000
                 21.000000000000000
                 21.000000000000000
                 21.000000000000000
                 21.000000000000000
                 21.000000000000000
                 21.000000000000000
                 21.000000000000000
                 21.000000000000000
                 21.000000000000000
                 21.000000000000000
                 21.000000000000000
                 21.000000000000000
                 21.000000000000000
                 21.000000000000000
                 21.000000000000000
                 21.000000000000000
                 21.000000000000000
                 21.000000000000000
                 21.000000000000000
                 21.000000000000000
                 21.000000000000000
                 21.000000000000000
                 21.000000000000000
                 21.000000000000000
                 21.000000000000000
                 21.000000000000000
                 21.000000000000000
                 21.000000000000000
                 21.000000000000000
                 21.000000000000000
                 21.000000000000000
                 21.000000000000000
                 21.000000000000000
                 21.000000000000000
                 21.000000000000000
                 21.000000000000000
                 21.000000000000000
                 21.000000000000000
                 21.000000000000000
                 21.000000000000000
                 21.000000000000000
                 21.000000000000000
                 21.000000000000000
                 21.000000000000000
                 21.000000000000000
                 21.000000000000000
                 21.000000000000000
                 21.000000000000000
                 21.000000000000000
                 21.000000000000000
                 21.000000000000000
                 21.000000000000000
                 21.000000000000000
                 21.000000000000000
                 21.000000000000000
                 21.000000000000000
                 21.000000000000000
                 21.000000000000000
                 21.000000000000000
                 21.000000000000000
                 21.000000000000000
                 21.000000000000000
                 21.000000000000000
                 21.000000000000000
                 21.000000000000000
                 21.000000000000000
                 21.000000000000000
                 21.000000000000000
                 21.000000000000000
                 21.000000000000000
                 21.000000000000000
                 21.000000000000000
                 21.000000000000000
                 21.000000000000000
                 21.000000000000000
                 21.000000000000000
                 21.000000000000000
                 21.000000000000000
                 21.000000000000000
                 21.000000000000000
                 21.000000000000000
                 21.000000000000000
                 21.000000000000000
                 21.000000000000000
                 21.000000000000000
                 21.000000000000000
                 21.000000000000000
                 21.000000000000000
                 21.000000000000000
                 21.000000000000000
                 21.000000000000000
                 21.000000000000000
                 21.000000000000000
                 21.000000000000000
                 21.000000000000000
                 21.000000000000000
                 21.000000000000000
                 21.000000000000000
                 21.000000000000000
                 21.000000000000000
                 21.000000000000000
                 21.000000000000000
                 21.000000000000000
                 21.000000000000000
                 21.000000000000000
                 21.000000000000000
                 21.000000000000000
                 21.000000000000000
                 21.000000000000000
                 21.000000000000000
                 21.000000000000000
                 21.000000000000000
                 21.000000000000000
                 21.000000000000000
                 21.000000000000000
                 21.000000000000000
                 21.000000000000000
                 21.000000000000000
                 21.000000000000000
                 21.000000000000000
                 21.000000000000000
                 21.000000000000000
                 21.000000000000000
                 21.000000000000000
                 21.000000000000000
                 21.000000000000000
                 21.000000000000000
                 21.000000000000000
                 21.000000000000000
                 21.000000000000000
                 21.000000000000000
                 21.000000000000000
                 21.000000000000000
                 21.000000000000000
                 21.000000000000000
                 21.000000000000000
                 21.000000000000000
                 21.000000000000000
                 21.000000000000000
                 21.000000000000000
                 21.000000000000000
                 21.000000000000000
                 21.000000000000000
                 21.000000000000000
                 21.000000000000000
                 21.000000000000000
                 21.000000000000000
                 21.000000000000000
                 21.000000000000000
                 21.000000000000000
                 21.000000000000000
                 21.000000000000000
                 21.000000000000000
                 21.000000000000000
                 21.000000000000000
                 21.000000000000000
                 21.000000000000000
                 21.000000000000000
                 21.000000000000000
                 21.000000000000000
                 21.000000000000000
                 21.000000000000000
                 21.000000000000000
                 21.000000000000000
                 21.000000000000000
                 21.000000000000000
                 21.000000000000000
                 21.000000000000000
                 21.000000000000000
                 21.000000000000000
                 21.000000000000000
                 21.000000000000000
                 21.000000000000000
                 21.000000000000000
                 21.000000000000000
                 21.000000000000000
                 21.000000000000000
                 21.000000000000000
                 21.000000000000000
                 21.000000000000000
                 21.000000000000000
                 21.000000000000000
                 21.000000000000000
                 21.000000000000000
                 21.000000000000000
                 21.000000000000000
                 21.000000000000000
                 21.000000000000000
                 21.000000000000000
                 21.000000000000000
                 21.000000000000000
                 21.000000000000000
                 21.000000000000000
                 21.000000000000000
                 21.000000000000000
                 21.000000000000000
                 21.000000000000000
                 21.000000000000000
                 21.000000000000000
                 21.000000000000000
                 21.000000000000000
                 21.000000000000000
                 21.000000000000000
                 21.000000000000000
                 21.000000000000000
                 21.000000000000000
                 21.000000000000000
                 21.000000000000000
                 21.000000000000000
                 21.000000000000000
                 21.000000000000000
                 21.000000000000000
                 21.000000000000000
                 21.000000000000000
                 21.000000000000000
                 21.000000000000000
                 21.000000000000000
                 21.000000000000000
                 21.000000000000000
                 21.000000000000000
                 21.000000000000000
                 21.000000000000000
                 21.000000000000000
                 21.000000000000000
                 21.000000000000000
                 20.094250000000000
                 21.000000000000000
                 21.000000000000000
                 21.000000000000000
                 21.000000000000000
                 21.000000000000000
                 21.000000000000000
                 21.000000000000000
                 21.000000000000000
                 21.000000000000000
                 21.000000000000000
                 21.000000000000000
                 21.000000000000000
                 21.000000000000000
                 21.000000000000000
                 21.000000000000000
                 21.000000000000000
                 21.000000000000000
                 21.000000000000000
                 21.000000000000000
                 21.000000000000000
                 21.000000000000000
                 16.825270000000000
                 20.508510000000000
                 21.000000000000000
                 21.000000000000000
                 21.000000000000000
                 21.000000000000000
                 21.000000000000000
                 21.000000000000000
                 21.000000000000000
                 21.000000000000000
                 21.000000000000000
                 21.000000000000000
                 21.000000000000000
                 21.000000000000000
                 21.000000000000000
                 21.000000000000000
                 21.000000000000000
                 21.000000000000000
                 21.000000000000000
                 21.000000000000000
                 21.000000000000000
                 21.000000000000000
                 13.709980000000000
                 16.715250000000000
                 20.823380000000000
                 21.000000000000000
                 21.000000000000000
                 21.000000000000000
                 21.000000000000000
                 21.000000000000000
                 21.000000000000000
                 21.000000000000000
                 21.000000000000000
                 21.000000000000000
                 21.000000000000000
                 21.000000000000000
                 21.000000000000000
                 21.000000000000000
                 21.000000000000000
                 21.000000000000000
                 21.000000000000000
                 21.000000000000000
                 21.000000000000000
                 21.000000000000000
                 10.913690000000000
                 13.309170000000000
                 16.585570000000000
                 21.000000000000000
                 21.000000000000000
                 21.000000000000000
                 21.000000000000000
                 21.000000000000000
                 21.000000000000000
                 21.000000000000000
                 21.000000000000000
                 21.000000000000000
                 21.000000000000000
                 21.000000000000000
                 21.000000000000000
                 21.000000000000000
                 21.000000000000000
                 21.000000000000000
                 21.000000000000000
                 21.000000000000000
                 21.000000000000000
                 21.000000000000000
                  8.338712000000000
                 10.171410000000000
                 12.679470000000000
                 16.238760000000000
                 21.000000000000000
                 21.000000000000000
                 21.000000000000000
                 21.000000000000000
                 21.000000000000000
                 21.000000000000000
                 21.000000000000000
                 21.000000000000000
                 21.000000000000000
                 21.000000000000000
                 21.000000000000000
                 21.000000000000000
                 21.000000000000000
                 21.000000000000000
                 21.000000000000000
                 21.000000000000000
                 21.000000000000000
                 21.000000000000000
                  6.072146000000000
                  7.408437000000000
                  9.238180000000000
                 11.836850000000000
                 15.701620000000000
                 21.000000000000000
                 21.000000000000000
                 21.000000000000000
                 21.000000000000000
                 21.000000000000000
                 21.000000000000000
                 21.000000000000000
                 21.000000000000000
                 21.000000000000000
                 21.000000000000000
                 21.000000000000000
                 21.000000000000000
                 21.000000000000000
                 21.000000000000000
                 21.000000000000000
                 21.000000000000000
                 21.000000000000000
                  4.135778000000000
                  5.047112000000000
                  6.295663000000000
                  8.070264000000000
                 10.712430000000000
                 14.729630000000000
                 17.192880000000000
                 18.898010000000000
                 20.720130000000000
                 21.000000000000000
                 21.000000000000000
                 21.000000000000000
                 21.000000000000000
                 21.000000000000000
                 21.000000000000000
                 21.000000000000000
                 21.000000000000000
                 21.000000000000000
                 21.000000000000000
                 21.000000000000000
                 21.000000000000000
                 21.000000000000000
                  2.537226000000000
                  3.097029000000000
                  3.864390000000000
                  4.955895000000000
                  6.582822000000000
                  9.109442000000000
                 10.840950000000000
                 11.922190000000000
                 13.078920000000000
                 14.300070000000000
                 15.569460000000000
                 16.865880000000000
                 18.163770000000000
                 19.434460000000000
                 20.647940000000000
                 21.000000000000000
                 21.000000000000000
                 21.000000000000000
                 21.000000000000000
                 21.000000000000000
                 21.000000000000000
                 21.000000000000000
                  1.329764000000000
                  1.623526000000000
                  2.026423000000000
                  2.599941000000000
                  3.455728000000000
                  4.813902000000000
                  5.922422000000000
                  6.520496000000000
                  7.161752000000000
                  7.840346000000000
                  8.547570000000000
                  9.271871000000000
                  9.999187000000000
                 10.713620000000000
                 11.398400000000000
                 12.037060000000000
                 12.614540000000000
                 13.118260000000000
                 13.538810000000000
                 13.870390000000000
                 14.110780000000000
                 14.261110000000000
                   .501716300000000
                   .612688400000000
                   .764968200000000
                   .981895800000000
                  1.305940000000000
                  1.821074000000000
                  2.412179000000000
                  2.665906000000000
                  2.936755000000000
                  3.224927000000000
                  3.526970000000000
                  3.838162000000000
                  4.152628000000000
                  4.463610000000000
                  4.763863000000000
                  5.046155000000000
                  5.303776000000000
                  5.530996000000000
                  5.723415000000000
                  5.878162000000000
                  5.993925000000000
                  6.070867000000000
                   .067830930000000
                   .082852330000000
                   .103476000000000
                   .132876600000000
                   .176841900000000
                   .246849900000000
                   .368377500000000
                   .473156400000000
                   .528069300000000
                   .587782300000000
                   .651792600000000
                   .719280700000000
                   .789109800000000
                   .859863200000000
                   .929921900000000
                   .997574400000000
                  1.061141000000000
                  1.119099000000000
                  1.170182000000000
                  1.213456000000000
                  1.248345000000000
                  1.274629000000000
