   n0    forbl   xmorbl  eorbl
  1      .000      .000      .000
  2      .000      .000      .000
  3      .000      .000      .000
  4      .000      .000      .000
  5      .000      .000      .000
  6      .000      .000      .000
  7      .000      .000      .000
  8      .000      .000      .000
  9      .000      .000      .000
 10      .000      .000      .000
 11      .000      .000      .001
 12      .000      .001      .001
 13      .001      .001      .002
 14      .001      .002      .004
 15      .002      .004      .008
 16      .004      .007      .013
 17      .007      .011      .020
 18      .012      .018      .032
 19      .021      .028      .049
 20      .037      .043      .077
 21      .065      .061      .127
 22      .128      .074      .229
 23      .263      .053      .389
 24      .443      .009      .491
   n0    forblC   xmorblC  eorblC
  1      .000      .000      .000
  2      .000      .000      .000
  3      .000      .000      .000
  4      .000      .000      .000
  5      .000      .000      .000
  6      .000      .000      .000
  7      .000      .000      .000
  8      .000      .000      .000
  9      .000      .000      .000
 10      .000      .000      .000
 11      .000      .000      .000
 12      .000      .000      .000
 13      .000      .000      .000
 14      .000      .000      .000
 15      .000      .000      .000
 16      .000      .000      .000
 17      .000      .000      .000
 18      .000      .000      .000
 19      .000      .000      .000
 20      .000      .000      .000
 21      .001      .001      .003
 22      .005      .008      .015
 23      .028      .035      .062
 24      .176      .070      .297
  n0   intrinD   intrinC  NBIreturn   Snbi      dFdr
  1  .216E-02  .000E+00  .000E+00  .000E+00  .554E-05
  2  .249E-01  .000E+00  .000E+00  .000E+00  .139E-04
  3  .641E-01  .000E+00  .000E+00  .000E+00  .292E-04
  4  .164E+00  .000E+00  .000E+00  .000E+00  .768E-04
  5  .408E+00  .000E+00  .000E+00  .000E+00  .189E-03
  6  .982E+00  .000E+00  .000E+00  .000E+00  .453E-03
  7  .230E+01  .000E+00  .000E+00  .000E+00  .106E-02
  8  .522E+01  .000E+00  .000E+00  .000E+00  .239E-02
  9  .115E+02  .000E+00  .000E+00  .000E+00  .528E-02
 10  .244E+02  .000E+00  .000E+00  .000E+00  .113E-01
 11  .503E+02  .000E+00  .000E+00  .000E+00  .232E-01
 12  .100E+03  .000E+00  .000E+00  .000E+00  .464E-01
 13  .192E+03  .000E+00  .000E+00  .000E+00  .896E-01
 14  .356E+03  .000E+00  .000E+00  .000E+00  .167E+00
 15  .635E+03  .000E+00  .000E+00  .000E+00  .301E+00
 16  .109E+04  .000E+00  .000E+00  .000E+00  .524E+00
 17  .180E+04  .823E-02  .000E+00  .000E+00  .886E+00
 18  .285E+04  .150E+00  .000E+00  .000E+00  .148E+01
 19  .436E+04  .214E+01  .000E+00  .000E+00  .252E+01
 20  .643E+04  .231E+02  .000E+00  .000E+00  .472E+01
 21  .898E+04  .190E+03  .000E+00  .000E+00  .103E+02
 22  .106E+05  .115E+04  .000E+00  .000E+00  .223E+02
 23  .737E+04  .487E+04  .000E+00  .000E+00  .297E+02
 24  .120E+04  .951E+04  .000E+00  .000E+00  .000E+00
 n0         ffrac1    ffrac2    ffrac3         nbdep1    nbilost   nbitot
 1         .00         .00         .00       .00      .000E+00    .000E+00
 2         .00         .00         .00       .00      .000E+00    .000E+00
 3         .00         .00         .00       .00      .000E+00    .000E+00
 4         .00         .00         .00       .00      .000E+00    .000E+00
 5         .00         .00         .00       .00      .000E+00    .000E+00
 6         .00         .00         .00       .00      .000E+00    .000E+00
 7         .00         .00         .00       .00      .000E+00    .000E+00
 8         .00         .00         .00       .00      .000E+00    .000E+00
 9         .00         .00         .00       .00      .000E+00    .000E+00
10         .00         .00         .00       .00      .000E+00    .000E+00
11         .00         .00         .00       .00      .000E+00    .000E+00
12         .00         .00         .00       .00      .000E+00    .000E+00
13         .00         .00         .00       .00      .000E+00    .000E+00
14         .00         .00         .00       .00      .000E+00    .000E+00
15         .00         .00         .00       .00      .000E+00    .000E+00
16         .00         .00         .00       .00      .000E+00    .000E+00
17         .00         .00         .00       .00      .000E+00    .000E+00
18         .00         .00         .00       .00      .000E+00    .000E+00
19         .00         .00         .00       .00      .000E+00    .000E+00
20         .00         .00         .00       .00      .000E+00    .000E+00
21         .00         .00         .00       .00      .000E+00    .000E+00
22         .00         .00         .00       .00      .000E+00    .000E+00
23         .00         .00         .00       .00      .000E+00    .000E+00
24         .00         .00         .00       .00      .000E+00    .000E+00
25         .00         .00         .00       .00      .000E+00    .000E+00
26         .00         .00         .00       .00      .000E+00    .000E+00
27         .00         .00         .00       .00      .000E+00    .000E+00
28         .00         .00         .00       .00      .000E+00    .000E+00
29         .00         .00         .00       .00      .000E+00    .000E+00
30         .00         .00         .00       .00      .000E+00    .000E+00
31         .00         .00         .00       .00      .000E+00    .000E+00
32         .00         .00         .00       .00      .000E+00    .000E+00
33         .00         .00         .00       .00      .000E+00    .000E+00
34         .00         .00         .00       .00      .000E+00    .000E+00
35         .00         .00         .00       .00      .000E+00    .000E+00
36         .00         .00         .00       .00      .000E+00    .000E+00
37         .00         .00         .00       .00      .000E+00    .000E+00
38         .00         .00         .00       .00      .000E+00    .000E+00
39         .00         .00         .00       .00      .000E+00    .000E+00
40         .00         .00         .00       .00      .000E+00    .000E+00
41         .00         .00         .00       .00      .000E+00    .000E+00
42         .00         .00         .00       .00      .000E+00    .000E+00
43         .00         .00         .00       .00      .000E+00    .000E+00
44         .00         .00         .00       .00      .000E+00    .000E+00
45         .00         .00         .00       .00      .000E+00    .000E+00
46         .00         .00         .00       .00      .000E+00    .000E+00
47         .00         .00         .00       .00      .000E+00    .000E+00
48         .00         .00         .00       .00      .000E+00    .000E+00
49         .00         .00         .00       .00      .000E+00    .000E+00
50         .00         .00         .00       .00      .000E+00    .000E+00
