                   .954545400000000                   .864000000000000                   .000000000000000
                   .954545400000000                   .869666700000000                   .000000000000000
                   .954545400000000                   .875333400000000                   .000000000000000
                   .954545400000000                   .881000000000000               2888.301000000000000
                   .954545400000000                   .886666700000000               2631.044000000000000
                   .954545400000000                   .892333400000000               2384.957000000000000
                   .954545400000000                   .898000100000000               2150.215000000000000
                   .954545400000000                   .903666700000000               1926.947000000000000
                   .954545400000000                   .909333400000000               1715.279000000000000
                   .954545400000000                   .915000100000000               1515.351000000000000
                   .954545400000000                   .920666800000000               1327.316000000000000
                   .954545400000000                   .926333400000000               1151.325000000000000
                   .954545400000000                   .932000100000000                987.529800000000000
                   .954545400000000                   .937666800000000                836.073100000000000
                   .954545400000000                   .943333400000000                697.094500000000000
                   .954545400000000                   .949000100000000                570.693200000000000
                   .954545400000000                   .954666800000000                456.899500000000000
                   .954545400000000                   .960333500000000                355.682400000000000
                   .954545400000000                   .966000100000000                266.855600000000000
                   .954545400000000                   .971666800000000                190.063900000000000
                   .954545400000000                   .977333500000000                125.012700000000000
                   .954545400000000                   .983000200000000                 71.989910000000000
                   .954545400000000                   .988666800000000                 32.315910000000000
                   .954545400000000                   .994333500000000                  7.894935000000000
                   .863636400000000                   .864000000000000                   .000000000000000
                   .863636400000000                   .869666700000000                   .000000000000000
                   .863636400000000                   .875333400000000                   .000000000000000
                   .863636400000000                   .881000000000000               3510.682000000000000
                   .863636400000000                   .886666700000000               3198.766000000000000
                   .863636400000000                   .892333400000000               2900.279000000000000
                   .863636400000000                   .898000100000000               2615.447000000000000
                   .863636400000000                   .903666700000000               2344.434000000000000
                   .863636400000000                   .909333400000000               2087.408000000000000
                   .863636400000000                   .915000100000000               1844.547000000000000
                   .863636400000000                   .920666800000000               1616.048000000000000
                   .863636400000000                   .926333400000000               1402.108000000000000
                   .863636400000000                   .932000100000000               1202.919000000000000
                   .863636400000000                   .937666800000000               1018.669000000000000
                   .863636400000000                   .943333400000000                849.537500000000000
                   .863636400000000                   .949000100000000                695.656900000000000
                   .863636400000000                   .954666800000000                557.075700000000000
                   .863636400000000                   .960333500000000                433.766900000000000
                   .863636400000000                   .966000100000000                325.514800000000000
                   .863636400000000                   .971666800000000                231.896900000000000
                   .863636400000000                   .977333500000000                152.563900000000000
                   .863636400000000                   .983000200000000                 87.876910000000000
                   .863636400000000                   .988666800000000                 39.457390000000000
                   .863636400000000                   .994333500000000                  9.642102000000000
                   .772727300000000                   .864000000000000                   .000000000000000
                   .772727300000000                   .869666700000000                   .000000000000000
                   .772727300000000                   .875333400000000                   .000000000000000
                   .772727300000000                   .881000000000000               4355.420000000000000
                   .772727300000000                   .886666700000000               3969.747000000000000
                   .772727300000000                   .892333400000000               3600.493000000000000
                   .772727300000000                   .898000100000000               3247.953000000000000
                   .772727300000000                   .903666700000000               2912.348000000000000
                   .772727300000000                   .909333400000000               2593.903000000000000
                   .772727300000000                   .915000100000000               2292.858000000000000
                   .772727300000000                   .920666800000000               2009.472000000000000
                   .772727300000000                   .926333400000000               1744.012000000000000
                   .772727300000000                   .932000100000000               1496.734000000000000
                   .772727300000000                   .937666800000000               1267.887000000000000
                   .772727300000000                   .943333400000000               1057.716000000000000
                   .772727300000000                   .949000100000000                866.403000000000000
                   .772727300000000                   .954666800000000                694.027800000000000
                   .772727300000000                   .960333500000000                540.575400000000000
                   .772727300000000                   .966000100000000                405.796000000000000
                   .772727300000000                   .971666800000000                289.180900000000000
                   .772727300000000                   .977333500000000                190.312200000000000
                   .772727300000000                   .983000200000000                109.656400000000000
                   .772727300000000                   .988666800000000                 49.253460000000000
                   .772727300000000                   .994333500000000                 12.040170000000000
                   .681818200000000                   .864000000000000                   .000000000000000
                   .681818200000000                   .869666700000000                   .000000000000000
                   .681818200000000                   .875333400000000                   .000000000000000
                   .681818200000000                   .881000000000000               5540.633000000000000
                   .681818200000000                   .886666700000000               5052.311000000000000
                   .681818200000000                   .892333400000000               4584.448000000000000
                   .681818200000000                   .898000100000000               4137.447000000000000
                   .681818200000000                   .903666700000000               3711.619000000000000
                   .681818200000000                   .909333400000000               3307.284000000000000
                   .681818200000000                   .915000100000000               2924.772000000000000
                   .681818200000000                   .920666800000000               2564.450000000000000
                   .681818200000000                   .926333400000000               2226.684000000000000
                   .681818200000000                   .932000100000000               1911.834000000000000
                   .681818200000000                   .937666800000000               1620.252000000000000
                   .681818200000000                   .943333400000000               1352.281000000000000
                   .681818200000000                   .949000100000000               1108.187000000000000
                   .681818200000000                   .954666800000000                888.105300000000000
                   .681818200000000                   .960333500000000                692.050800000000000
                   .681818200000000                   .966000100000000                519.736600000000000
                   .681818200000000                   .971666800000000                370.544600000000000
                   .681818200000000                   .977333500000000                243.969900000000000
                   .681818200000000                   .983000200000000                140.639900000000000
                   .681818200000000                   .988666800000000                 63.200920000000000
                   .681818200000000                   .994333500000000                 15.457390000000000
                   .590909100000000                   .864000000000000                   .000000000000000
                   .590909100000000                   .869666700000000                   .000000000000000
                   .590909100000000                   .875333400000000                   .000000000000000
                   .590909100000000                   .881000000000000               7272.775000000000000
                   .590909100000000                   .886666700000000               6636.164000000000000
                   .590909100000000                   .892333400000000               6025.605000000000000
                   .590909100000000                   .898000100000000               5441.679000000000000
                   .590909100000000                   .903666700000000               4884.850000000000000
                   .590909100000000                   .909333400000000               4355.586000000000000
                   .590909100000000                   .915000100000000               3854.384000000000000
                   .590909100000000                   .920666800000000               3381.777000000000000
                   .590909100000000                   .926333400000000               2938.309000000000000
                   .590909100000000                   .932000100000000               2524.511000000000000
                   .590909100000000                   .937666800000000               2140.906000000000000
                   .590909100000000                   .943333400000000               1788.009000000000000
                   .590909100000000                   .949000100000000               1466.234000000000000
                   .590909100000000                   .954666800000000               1175.822000000000000
                   .590909100000000                   .960333500000000                916.857100000000000
                   .590909100000000                   .966000100000000                689.023600000000000
                   .590909100000000                   .971666800000000                491.564500000000000
                   .590909100000000                   .977333500000000                323.870500000000000
                   .590909100000000                   .983000200000000                186.830700000000000
                   .590909100000000                   .988666800000000                 84.019260000000000
                   .590909100000000                   .994333500000000                 20.564380000000000
                   .500000000000000                   .864000000000000                   .000000000000000
                   .500000000000000                   .869666700000000                   .000000000000000
                   .500000000000000                   .875333400000000                   .000000000000000
                   .500000000000000                   .881000000000000               9936.813000000000000
                   .500000000000000                   .886666700000000               9076.064000000000000
                   .500000000000000                   .892333400000000               8249.282000000000000
                   .500000000000000                   .898000100000000               7457.358000000000000
                   .500000000000000                   .903666700000000               6701.026000000000000
                   .500000000000000                   .909333400000000               5981.033000000000000
                   .500000000000000                   .915000100000000               5298.165000000000000
                   .500000000000000                   .920666800000000               4653.266000000000000
                   .500000000000000                   .926333400000000               4047.193000000000000
                   .500000000000000                   .932000100000000               3480.795000000000000
                   .500000000000000                   .937666800000000               2954.910000000000000
                   .500000000000000                   .943333400000000               2470.375000000000000
                   .500000000000000                   .949000100000000               2027.884000000000000
                   .500000000000000                   .954666800000000               1627.903000000000000
                   .500000000000000                   .960333500000000               1270.681000000000000
                   .500000000000000                   .966000100000000                955.912900000000000
                   .500000000000000                   .971666800000000                682.682900000000000
                   .500000000000000                   .977333500000000                450.271200000000000
                   .500000000000000                   .983000200000000                260.035100000000000
                   .500000000000000                   .988666800000000                117.074500000000000
                   .500000000000000                   .994333500000000                 28.688870000000000
                   .409090900000000                   .864000000000000                   .000000000000000
                   .409090900000000                   .869666700000000                   .000000000000000
                   .409090900000000                   .875333400000000                   .000000000000000
                   .409090900000000                   .881000000000000              13000.410000000000000
                   .409090900000000                   .886666700000000              11858.810000000000000
                   .409090900000000                   .892333400000000              10763.860000000000000
                   .409090900000000                   .898000100000000               9716.529000000000000
                   .409090900000000                   .903666700000000               8717.683000000000000
                   .409090900000000                   .909333400000000               7768.191000000000000
                   .409090900000000                   .915000100000000               6868.956000000000000
                   .409090900000000                   .920666800000000               6020.915000000000000
                   .409090900000000                   .926333400000000               5225.015000000000000
                   .409090900000000                   .932000100000000               4482.196000000000000
                   .409090900000000                   .937666800000000               3793.391000000000000
                   .409090900000000                   .943333400000000               3159.531000000000000
                   .409090900000000                   .949000100000000               2581.457000000000000
                   .409090900000000                   .954666800000000               2059.864000000000000
                   .409090900000000                   .960333500000000               1595.322000000000000
                   .409090900000000                   .966000100000000               1188.072000000000000
                   .409090900000000                   .971666800000000                838.028900000000000
                   .409090900000000                   .977333500000000                545.292700000000000
                   .409090900000000                   .983000200000000                311.256500000000000
                   .409090900000000                   .988666800000000                139.466200000000000
                   .409090900000000                   .994333500000000                 34.599720000000000
                   .318181800000000                   .864000000000000                   .000000000000000
                   .318181800000000                   .869666700000000                   .000000000000000
                   .318181800000000                   .875333400000000                   .000000000000000
                   .318181800000000                   .881000000000000              14518.160000000000000
                   .318181800000000                   .886666700000000              13234.340000000000000
                   .318181800000000                   .892333400000000              12004.250000000000000
                   .318181800000000                   .898000100000000              10828.890000000000000
                   .318181800000000                   .903666700000000               9709.097000000000000
                   .318181800000000                   .909333400000000               8645.729000000000000
                   .318181800000000                   .915000100000000               7639.679000000000000
                   .318181800000000                   .920666800000000               6691.872000000000000
                   .318181800000000                   .926333400000000               5803.241000000000000
                   .318181800000000                   .932000100000000               4974.711000000000000
                   .318181800000000                   .937666800000000               4207.201000000000000
                   .318181800000000                   .943333400000000               3501.617000000000000
                   .318181800000000                   .949000100000000               2858.773000000000000
                   .318181800000000                   .954666800000000               2279.326000000000000
                   .318181800000000                   .960333500000000               1763.793000000000000
                   .318181800000000                   .966000100000000               1312.340000000000000
                   .318181800000000                   .971666800000000                924.786400000000000
                   .318181800000000                   .977333500000000                601.146400000000000
                   .318181800000000                   .983000200000000                342.819000000000000
                   .318181800000000                   .988666800000000                153.496900000000000
                   .318181800000000                   .994333500000000                 38.071240000000000
                   .227272700000000                   .864000000000000                   .000000000000000
                   .227272700000000                   .869666700000000                   .000000000000000
                   .227272700000000                   .875333400000000                   .000000000000000
                   .227272700000000                   .881000000000000              16174.530000000000000
                   .227272700000000                   .886666700000000              14734.020000000000000
                   .227272700000000                   .892333400000000              13355.290000000000000
                   .227272700000000                   .898000100000000              12039.280000000000000
                   .227272700000000                   .903666700000000              10786.820000000000000
                   .227272700000000                   .909333400000000               9598.721000000000000
                   .227272700000000                   .915000100000000               8475.838000000000000
                   .227272700000000                   .920666800000000               7419.062000000000000
                   .227272700000000                   .926333400000000               6429.294000000000000
                   .227272700000000                   .932000100000000               5507.417000000000000
                   .227272700000000                   .937666800000000               4654.304000000000000
                   .227272700000000                   .943333400000000               3870.825000000000000
                   .227272700000000                   .949000100000000               3157.738000000000000
                   .227272700000000                   .954666800000000               2515.636000000000000
                   .227272700000000                   .960333500000000               1944.964000000000000
                   .227272700000000                   .966000100000000               1445.789000000000000
                   .227272700000000                   .971666800000000               1017.811000000000000
                   .227272700000000                   .977333500000000                660.941600000000000
                   .227272700000000                   .983000200000000                376.559900000000000
                   .227272700000000                   .988666800000000                168.479800000000000
                   .227272700000000                   .994333500000000                 41.777590000000000
                   .136363600000000                   .864000000000000                   .000000000000000
                   .136363600000000                   .869666700000000                   .000000000000000
                   .136363600000000                   .875333400000000                   .000000000000000
                   .136363600000000                   .881000000000000              17955.290000000000000
                   .136363600000000                   .886666700000000              16344.810000000000000
                   .136363600000000                   .892333400000000              14805.040000000000000
                   .136363600000000                   .898000100000000              13336.880000000000000
                   .136363600000000                   .903666700000000              11941.100000000000000
                   .136363600000000                   .909333400000000              10618.430000000000000
                   .136363600000000                   .915000100000000               9369.674000000000000
                   .136363600000000                   .920666800000000               8195.662000000000000
                   .136363600000000                   .926333400000000               7097.227000000000000
                   .136363600000000                   .932000100000000               6075.189000000000000
                   .136363600000000                   .937666800000000               5130.354000000000000
                   .136363600000000                   .943333400000000               4263.519000000000000
                   .136363600000000                   .949000100000000               3475.368000000000000
                   .136363600000000                   .954666800000000               2766.405000000000000
                   .136363600000000                   .960333500000000               2136.975000000000000
                   .136363600000000                   .966000100000000               1587.025000000000000
                   .136363600000000                   .971666800000000               1116.118000000000000
                   .136363600000000                   .977333500000000                724.033000000000000
                   .136363600000000                   .983000200000000                412.109400000000000
                   .136363600000000                   .988666800000000                184.249200000000000
                   .136363600000000                   .994333500000000                 45.678010000000000
                   .045454550000000                   .864000000000000                   .000000000000000
                   .045454550000000                   .869666700000000                   .000000000000000
                   .045454550000000                   .875333400000000                   .000000000000000
                   .045454550000000                   .881000000000000              19835.860000000000000
                   .045454550000000                   .886666700000000              18044.370000000000000
                   .045454550000000                   .892333400000000              16333.330000000000000
                   .045454550000000                   .898000100000000              14703.570000000000000
                   .045454550000000                   .903666700000000              13155.740000000000000
                   .045454550000000                   .909333400000000              11690.500000000000000
                   .045454550000000                   .915000100000000              10308.560000000000000
                   .045454550000000                   .920666800000000               9010.662000000000000
                   .045454550000000                   .926333400000000               7797.540000000000000
                   .045454550000000                   .932000100000000               6669.925000000000000
                   .045454550000000                   .937666800000000               5628.527000000000000
                   .045454550000000                   .943333400000000               4674.052000000000000
                   .045454550000000                   .949000100000000               3807.075000000000000
                   .045454550000000                   .954666800000000               3027.992000000000000
                   .045454550000000                   .960333500000000               2337.022000000000000
                   .045454550000000                   .966000100000000               1733.975000000000000
                   .045454550000000                   .971666800000000               1218.249000000000000
                   .045454550000000                   .977333500000000                789.479200000000000
                   .045454550000000                   .983000200000000                448.934100000000000
                   .045454550000000                   .988666800000000                200.567900000000000
                   .045454550000000                   .994333500000000                 49.714140000000000
                  -.045454550000000                   .864000000000000                   .000000000000000
                  -.045454550000000                   .869666700000000                   .000000000000000
                  -.045454550000000                   .875333400000000                   .000000000000000
                  -.045454550000000                   .881000000000000              21780.830000000000000
                  -.045454550000000                   .886666700000000              19800.730000000000000
                  -.045454550000000                   .892333400000000              17911.440000000000000
                  -.045454550000000                   .898000100000000              16113.660000000000000
                  -.045454550000000                   .903666700000000              14407.940000000000000
                  -.045454550000000                   .909333400000000              12794.830000000000000
                  -.045454550000000                   .915000100000000              11274.910000000000000
                  -.045454550000000                   .920666800000000               9848.799000000000000
                  -.045454550000000                   .926333400000000               8517.126000000000000
                  -.045454550000000                   .932000100000000               7280.501000000000000
                  -.045454550000000                   .937666800000000               6139.517000000000000
                  -.045454550000000                   .943333400000000               5094.754000000000000
                  -.045454550000000                   .949000100000000               4146.667000000000000
                  -.045454550000000                   .954666800000000               3295.512000000000000
                  -.045454550000000                   .960333500000000               2541.370000000000000
                  -.045454550000000                   .966000100000000               1883.889000000000000
                  -.045454550000000                   .971666800000000               1322.292000000000000
                  -.045454550000000                   .977333500000000                856.052200000000000
                  -.045454550000000                   .983000200000000                486.342000000000000
                  -.045454550000000                   .988666800000000                217.129600000000000
                  -.045454550000000                   .994333500000000                 53.810730000000000
                  -.136363600000000                   .864000000000000                   .000000000000000
                  -.136363600000000                   .869666700000000                   .000000000000000
                  -.136363600000000                   .875333400000000                   .000000000000000
                  -.136363600000000                   .881000000000000              23744.960000000000000
                  -.136363600000000                   .886666700000000              21573.170000000000000
                  -.136363600000000                   .892333400000000              19502.880000000000000
                  -.136363600000000                   .898000100000000              17534.690000000000000
                  -.136363600000000                   .903666700000000              15668.980000000000000
                  -.136363600000000                   .909333400000000              13906.160000000000000
                  -.136363600000000                   .915000100000000              12246.690000000000000
                  -.136363600000000                   .920666800000000              10691.030000000000000
                  -.136363600000000                   .926333400000000               9239.695000000000000
                  -.136363600000000                   .932000100000000               7893.144000000000000
                  -.136363600000000                   .937666800000000               6651.829000000000000
                  -.136363600000000                   .943333400000000               5516.195000000000000
                  -.136363600000000                   .949000100000000               4486.553000000000000
                  -.136363600000000                   .954666800000000               3563.006000000000000
                  -.136363600000000                   .960333500000000               2745.478000000000000
                  -.136363600000000                   .966000100000000               2033.444000000000000
                  -.136363600000000                   .971666800000000               1425.946000000000000
                  -.136363600000000                   .977333500000000                922.281700000000000
                  -.136363600000000                   .983000200000000                523.509100000000000
                  -.136363600000000                   .988666800000000                233.570900000000000
                  -.136363600000000                   .994333500000000                 57.878460000000000
                  -.227272700000000                   .864000000000000                   .000000000000000
                  -.227272700000000                   .869666700000000                   .000000000000000
                  -.227272700000000                   .875333400000000                   .000000000000000
                  -.227272700000000                   .881000000000000              25675.700000000000000
                  -.227272700000000                   .886666700000000              23314.510000000000000
                  -.227272700000000                   .892333400000000              21065.520000000000000
                  -.227272700000000                   .898000100000000              18929.200000000000000
                  -.227272700000000                   .903666700000000              16905.770000000000000
                  -.227272700000000                   .909333400000000              14995.490000000000000
                  -.227272700000000                   .915000100000000              13198.660000000000000
                  -.227272700000000                   .920666800000000              11515.610000000000000
                  -.227272700000000                   .926333400000000               9946.678000000000000
                  -.227272700000000                   .932000100000000               8492.184000000000000
                  -.227272700000000                   .937666800000000               7152.431000000000000
                  -.227272700000000                   .943333400000000               5927.709000000000000
                  -.227272700000000                   .949000100000000               4818.172000000000000
                  -.227272700000000                   .954666800000000               3823.767000000000000
                  -.227272700000000                   .960333500000000               2944.251000000000000
                  -.227272700000000                   .966000100000000               2178.926000000000000
                  -.227272700000000                   .971666800000000               1526.648000000000000
                  -.227272700000000                   .977333500000000                986.538000000000000
                  -.227272700000000                   .983000200000000                559.525200000000000
                  -.227272700000000                   .988666800000000                249.491100000000000
                  -.227272700000000                   .994333500000000                 61.818880000000000
                  -.318181800000000                   .864000000000000                   .000000000000000
                  -.318181800000000                   .869666700000000                   .000000000000000
                  -.318181800000000                   .875333400000000                   .000000000000000
                  -.318181800000000                   .881000000000000              27517.160000000000000
                  -.318181800000000                   .886666700000000              24974.620000000000000
                  -.318181800000000                   .892333400000000              22554.640000000000000
                  -.318181800000000                   .898000100000000              20257.530000000000000
                  -.318181800000000                   .903666700000000              18083.350000000000000
                  -.318181800000000                   .909333400000000              16032.210000000000000
                  -.318181800000000                   .915000100000000              14104.250000000000000
                  -.318181800000000                   .920666800000000              12299.630000000000000
                  -.318181800000000                   .926333400000000              10618.560000000000000
                  -.318181800000000                   .932000100000000               9061.192000000000000
                  -.318181800000000                   .937666800000000               7627.675000000000000
                  -.318181800000000                   .943333400000000               6318.143000000000000
                  -.318181800000000                   .949000100000000               5132.595000000000000
                  -.318181800000000                   .954666800000000               4070.818000000000000
                  -.318181800000000                   .960333500000000               3132.406000000000000
                  -.318181800000000                   .966000100000000               2316.490000000000000
                  -.318181800000000                   .971666800000000               1621.753000000000000
                  -.318181800000000                   .977333500000000               1047.145000000000000
                  -.318181800000000                   .983000200000000                593.456600000000000
                  -.318181800000000                   .988666800000000                264.480300000000000
                  -.318181800000000                   .994333500000000                 65.531110000000000
                  -.409090900000000                   .864000000000000                   .000000000000000
                  -.409090900000000                   .869666700000000                   .000000000000000
                  -.409090900000000                   .875333400000000                   .000000000000000
                  -.409090900000000                   .881000000000000              29214.790000000000000
                  -.409090900000000                   .886666700000000              26504.650000000000000
                  -.409090900000000                   .892333400000000              23926.700000000000000
                  -.409090900000000                   .898000100000000              21481.080000000000000
                  -.409090900000000                   .903666700000000              19167.720000000000000
                  -.409090900000000                   .909333400000000              16986.590000000000000
                  -.409090900000000                   .915000100000000              14937.640000000000000
                  -.409090900000000                   .920666800000000              13020.920000000000000
                  -.409090900000000                   .926333400000000              11236.460000000000000
                  -.409090900000000                   .932000100000000               9584.281000000000000
                  -.409090900000000                   .937666800000000               8064.379000000000000
                  -.409090900000000                   .943333400000000               6676.743000000000000
                  -.409090900000000                   .949000100000000               5421.222000000000000
                  -.409090900000000                   .954666800000000               4297.448000000000000
                  -.409090900000000                   .960333500000000               3304.868000000000000
                  -.409090900000000                   .966000100000000               2442.456000000000000
                  -.409090900000000                   .971666800000000               1708.736000000000000
                  -.409090900000000                   .977333500000000               1102.505000000000000
                  -.409090900000000                   .983000200000000                624.416000000000000
                  -.409090900000000                   .988666800000000                278.149300000000000
                  -.409090900000000                   .994333500000000                 68.919310000000000
                  -.500000000000000                   .864000000000000                   .000000000000000
                  -.500000000000000                   .869666700000000                   .000000000000000
                  -.500000000000000                   .875333400000000                   .000000000000000
                  -.500000000000000                   .881000000000000              30720.100000000000000
                  -.500000000000000                   .886666700000000              27861.190000000000000
                  -.500000000000000                   .892333400000000              25143.030000000000000
                  -.500000000000000                   .898000100000000              22565.620000000000000
                  -.500000000000000                   .903666700000000              20128.760000000000000
                  -.500000000000000                   .909333400000000              17832.270000000000000
                  -.500000000000000                   .915000100000000              15675.980000000000000
                  -.500000000000000                   .920666800000000              13659.810000000000000
                  -.500000000000000                   .926333400000000              11783.650000000000000
                  -.500000000000000                   .932000100000000              10047.400000000000000
                  -.500000000000000                   .937666800000000               8450.897000000000000
                  -.500000000000000                   .943333400000000               6994.016000000000000
                  -.500000000000000                   .949000100000000               5676.464000000000000
                  -.500000000000000                   .954666800000000               4497.748000000000000
                  -.500000000000000                   .960333500000000               3457.176000000000000
                  -.500000000000000                   .966000100000000               2553.591000000000000
                  -.500000000000000                   .971666800000000               1785.385000000000000
                  -.500000000000000                   .977333500000000               1151.224000000000000
                  -.500000000000000                   .983000200000000                651.630000000000000
                  -.500000000000000                   .988666800000000                290.159100000000000
                  -.500000000000000                   .994333500000000                 71.899890000000000
                  -.590909100000000                   .864000000000000                   .000000000000000
                  -.590909100000000                   .869666700000000                   .000000000000000
                  -.590909100000000                   .875333400000000                   .000000000000000
                  -.590909100000000                   .881000000000000              31994.620000000000000
                  -.590909100000000                   .886666700000000              29009.790000000000000
                  -.590909100000000                   .892333400000000              26172.930000000000000
                  -.590909100000000                   .898000100000000              23483.940000000000000
                  -.590909100000000                   .903666700000000              20942.500000000000000
                  -.590909100000000                   .909333400000000              18548.320000000000000
                  -.590909100000000                   .915000100000000              16301.130000000000000
                  -.590909100000000                   .920666800000000              14200.720000000000000
                  -.590909100000000                   .926333400000000              12246.880000000000000
                  -.590909100000000                   .932000100000000              10439.390000000000000
                  -.590909100000000                   .937666800000000               8777.989000000000000
                  -.590909100000000                   .943333400000000               7262.430000000000000
                  -.590909100000000                   .949000100000000               5892.315000000000000
                  -.590909100000000                   .954666800000000               4667.037000000000000
                  -.590909100000000                   .960333500000000               3585.802000000000000
                  -.590909100000000                   .966000100000000               2647.346000000000000
                  -.590909100000000                   .971666800000000               1849.960000000000000
                  -.590909100000000                   .977333500000000               1192.205000000000000
                  -.590909100000000                   .983000200000000                674.493000000000000
                  -.590909100000000                   .988666800000000                300.244700000000000
                  -.590909100000000                   .994333500000000                 74.407220000000000
                  -.681818200000000                   .864000000000000                   .000000000000000
                  -.681818200000000                   .869666700000000                   .000000000000000
                  -.681818200000000                   .875333400000000                   .000000000000000
                  -.681818200000000                   .881000000000000              33012.320000000000000
                  -.681818200000000                   .886666700000000              29927.140000000000000
                  -.681818200000000                   .892333400000000              26995.640000000000000
                  -.681818200000000                   .898000100000000              24217.640000000000000
                  -.681818200000000                   .903666700000000              21592.740000000000000
                  -.681818200000000                   .909333400000000              19120.570000000000000
                  -.681818200000000                   .915000100000000              16800.780000000000000
                  -.681818200000000                   .920666800000000              14633.070000000000000
                  -.681818200000000                   .926333400000000              12617.150000000000000
                  -.681818200000000                   .932000100000000              10752.700000000000000
                  -.681818200000000                   .937666800000000               9039.389000000000000
                  -.681818200000000                   .943333400000000               7476.884000000000000
                  -.681818200000000                   .949000100000000               6064.702000000000000
                  -.681818200000000                   .954666800000000               4802.153000000000000
                  -.681818200000000                   .960333500000000               3688.366000000000000
                  -.681818200000000                   .966000100000000               2722.004000000000000
                  -.681818200000000                   .971666800000000               1901.292000000000000
                  -.681818200000000                   .977333500000000               1224.719000000000000
                  -.681818200000000                   .983000200000000                692.602200000000000
                  -.681818200000000                   .988666800000000                308.229600000000000
                  -.681818200000000                   .994333500000000                 76.397390000000000
                  -.772727300000000                   .864000000000000                   .000000000000000
                  -.772727300000000                   .869666700000000                   .000000000000000
                  -.772727300000000                   .875333400000000                   .000000000000000
                  -.772727300000000                   .881000000000000              33760.580000000000000
                  -.772727300000000                   .886666700000000              30601.890000000000000
                  -.772727300000000                   .892333400000000              27601.010000000000000
                  -.772727300000000                   .898000100000000              24757.710000000000000
                  -.772727300000000                   .903666700000000              22071.540000000000000
                  -.772727300000000                   .909333400000000              19542.060000000000000
                  -.772727300000000                   .915000100000000              17168.880000000000000
                  -.772727300000000                   .920666800000000              14951.650000000000000
                  -.772727300000000                   .926333400000000              12890.010000000000000
                  -.772727300000000                   .932000100000000              10983.590000000000000
                  -.772727300000000                   .937666800000000               9232.008000000000000
                  -.772727300000000                   .943333400000000               7634.861000000000000
                  -.772727300000000                   .949000100000000               6191.620000000000000
                  -.772727300000000                   .954666800000000               4901.542000000000000
                  -.772727300000000                   .960333500000000               3763.706000000000000
                  -.772727300000000                   .966000100000000               2776.734000000000000
                  -.772727300000000                   .971666800000000               1938.821000000000000
                  -.772727300000000                   .977333500000000               1248.418000000000000
                  -.772727300000000                   .983000200000000                705.767600000000000
                  -.772727300000000                   .988666800000000                314.031200000000000
                  -.772727300000000                   .994333500000000                 77.849460000000000
                  -.863636400000000                   .864000000000000                   .000000000000000
                  -.863636400000000                   .869666700000000                   .000000000000000
                  -.863636400000000                   .875333400000000                   .000000000000000
                  -.863636400000000                   .881000000000000              34239.420000000000000
                  -.863636400000000                   .886666700000000              31034.030000000000000
                  -.863636400000000                   .892333400000000              27989.000000000000000
                  -.863636400000000                   .898000100000000              25104.080000000000000
                  -.863636400000000                   .903666700000000              22378.800000000000000
                  -.863636400000000                   .909333400000000              19812.700000000000000
                  -.863636400000000                   .915000100000000              17405.350000000000000
                  -.863636400000000                   .920666800000000              15156.370000000000000
                  -.863636400000000                   .926333400000000              13065.390000000000000
                  -.863636400000000                   .932000100000000              11132.000000000000000
                  -.863636400000000                   .937666800000000               9355.788000000000000
                  -.863636400000000                   .943333400000000               7736.324000000000000
                  -.863636400000000                   .949000100000000               6273.044000000000000
                  -.863636400000000                   .954666800000000               4965.192000000000000
                  -.863636400000000                   .960333500000000               3811.821000000000000
                  -.863636400000000                   .966000100000000               2811.547000000000000
                  -.863636400000000                   .971666800000000               1962.566000000000000
                  -.863636400000000                   .977333500000000               1263.320000000000000
                  -.863636400000000                   .983000200000000                714.003300000000000
                  -.863636400000000                   .988666800000000                317.655600000000000
                  -.863636400000000                   .994333500000000                 78.764390000000000
                  -.954545400000000                   .864000000000000                   .000000000000000
                  -.954545400000000                   .869666700000000                   .000000000000000
                  -.954545400000000                   .875333400000000                   .000000000000000
                  -.954545400000000                   .881000000000000              34459.780000000000000
                  -.954545400000000                   .886666700000000              31233.320000000000000
                  -.954545400000000                   .892333400000000              28168.290000000000000
                  -.954545400000000                   .898000100000000              25264.420000000000000
                  -.954545400000000                   .903666700000000              22521.260000000000000
                  -.954545400000000                   .909333400000000              19938.360000000000000
                  -.954545400000000                   .915000100000000              17515.260000000000000
                  -.954545400000000                   .920666800000000              15251.610000000000000
                  -.954545400000000                   .926333400000000              13147.000000000000000
                  -.954545400000000                   .932000100000000              11201.050000000000000
                  -.954545400000000                   .937666800000000               9413.317000000000000
                  -.954545400000000                   .943333400000000               7783.379000000000000
                  -.954545400000000                   .949000100000000               6310.672000000000000
                  -.954545400000000                   .954666800000000               4994.433000000000000
                  -.954545400000000                   .960333500000000               3833.729000000000000
                  -.954545400000000                   .966000100000000               2827.192000000000000
                  -.954545400000000                   .971666800000000               1973.049000000000000
                  -.954545400000000                   .977333500000000               1269.764000000000000
                  -.954545400000000                   .983000200000000                717.500200000000000
                  -.954545400000000                   .988666800000000                319.187200000000000
                  -.954545400000000                   .994333500000000                 79.162260000000000
