 Tion(24)
                281.410700000000000
                277.916900000000000
                274.366600000000000
                270.737100000000000
                267.015200000000000
                263.162000000000000
                259.187000000000000
                255.040700000000000
                250.709400000000000
                246.187500000000000
                241.437300000000000
                236.440300000000000
                231.177800000000000
                225.630500000000000
                219.778700000000000
                213.601200000000000
                207.075300000000000
                200.177200000000000
                192.890500000000000
                185.191700000000000
                177.064400000000000
                168.482200000000000
                159.427100000000000
                149.876100000000000
                139.810100000000000
                   .000000000000000
