 forbl(24)
                   .000000035156880
                   .000000429525400
                   .000001019549000
                   .000002295897000
                   .000005067176000
                   .000011020920000
                   .000023391550000
                   .000048576110000
                   .000098500400000
                   .000194961700000
                   .000376308600000
                   .000708081000000
                   .001298396000000
                   .002319404000000
                   .004035643000000
                   .006841455000000
                   .011319310000000
                   .018364890000000
                   .029571570000000
                   .048498250000000
                   .084582910000000
                   .160712700000000
                   .302949000000000
                   .457651100000000
                   .000000000000000
                   .000000000000000
