 xmorbl(24)
                   .000000123150100
                   .000001336117000
                   .000002991808000
                   .000006568579000
                   .000014079440000
                   .000029453250000
                   .000060235420000
                   .000119993100000
                   .000232873100000
                   .000440095300000
                   .000808904200000
                   .001445205000000
                   .002508001000000
                   .004224663000000
                   .006902489000000
                   .010933570000000
                   .016793270000000
                   .025039730000000
                   .036306260000000
                   .050899300000000
                   .066061000000000
                   .068576800000000
                   .040324440000000
                   .005660631000000
                   .000000000000000
                   .000000000000000
