 forblC(24)
                   .000000000000000
                   .000000000000000
                   .000000000000000
                   .000000000000000
                   .000000000000000
                   .000000000000000
                   .000000000000000
                   .000000000000000
                   .000000000000000
                   .000000000000000
                   .000000000000000
                   .000000000000000
                   .000000000000000
                   .000000000000000
                   .000000000000000
                   .000000022928400
                   .000000210941300
                   .000002286726000
                   .000023183670000
                   .000193333800000
                   .001338665000000
                   .007651586000000
                   .037202920000000
                   .215977000000000
