 xmorblc(24)
                   .000000000000000
                   .000000000000000
                   .000000000000000
                   .000000000000000
                   .000000000000000
                   .000000000000000
                   .000000000000000
                   .000000000000000
                   .000000000000000
                   .000000000000000
                   .000000000000000
                   .000000000000000
                   .000000000000000
                   .000000000000000
                   .000000000000000
                   .000000040085350
                   .000000585701900
                   .000006569257000
                   .000059660080000
                   .000436710400000
                   .002578340000000
                   .012036050000000
                   .042573460000000
                   .060023410000000
