 eorblc(24)
                   .000000000000000
                   .000000000000000
                   .000000000000000
                   .000000000000000
                   .000000000000000
                   .000000000000000
                   .000000000000000
                   .000000000000000
                   .000000000000000
                   .000000000000000
                   .000000000000000
                   .000000000000000
                   .000000000000000
                   .000000000000000
                   .000000010190400
                   .000000142665600
                   .000001775168000
                   .000018134840000
                   .000149389300000
                   .000984826600000
                   .005196740000000
                   .021736170000000
                   .078943990000000
                   .345389600000000
