                   .954545400000000                   .864000000000000                   .000000000000000
                   .954545400000000                   .869666700000000                   .000000000000000
                   .954545400000000                   .875333400000000                   .000000000000000
                   .954545400000000                   .881000000000000               3459.551000000000000
                   .954545400000000                   .886666700000000               3152.392000000000000
                   .954545400000000                   .892333400000000               2858.358000000000000
                   .954545400000000                   .898000100000000               2577.673000000000000
                   .954545400000000                   .903666700000000               2310.511000000000000
                   .954545400000000                   .909333400000000               2057.051000000000000
                   .954545400000000                   .915000100000000               1817.478000000000000
                   .954545400000000                   .920666800000000               1591.993000000000000
                   .954545400000000                   .926333400000000               1380.798000000000000
                   .954545400000000                   .932000100000000               1184.091000000000000
                   .954545400000000                   .937666800000000               1002.064000000000000
                   .954545400000000                   .943333400000000                834.905500000000000
                   .954545400000000                   .949000100000000                682.766400000000000
                   .954545400000000                   .954666800000000                545.732300000000000
                   .954545400000000                   .960333500000000                423.830700000000000
                   .954545400000000                   .966000100000000                316.944200000000000
                   .954545400000000                   .971666800000000                224.799800000000000
                   .954545400000000                   .977333500000000                147.185900000000000
                   .954545400000000                   .983000200000000                 84.441580000000000
                   .954545400000000                   .988666800000000                 37.868800000000000
                   .954545400000000                   .994333500000000                  9.305698000000000
                   .863636400000000                   .864000000000000                   .000000000000000
                   .863636400000000                   .869666700000000                   .000000000000000
                   .863636400000000                   .875333400000000                   .000000000000000
                   .863636400000000                   .881000000000000               4204.398000000000000
                   .863636400000000                   .886666700000000               3832.064000000000000
                   .863636400000000                   .892333400000000               3475.500000000000000
                   .863636400000000                   .898000100000000               3134.992000000000000
                   .863636400000000                   .903666700000000               2810.763000000000000
                   .863636400000000                   .909333400000000               2503.044000000000000
                   .863636400000000                   .915000100000000               2212.075000000000000
                   .863636400000000                   .920666800000000               1938.112000000000000
                   .863636400000000                   .926333400000000               1681.413000000000000
                   .863636400000000                   .932000100000000               1442.233000000000000
                   .863636400000000                   .937666800000000               1220.821000000000000
                   .863636400000000                   .943333400000000               1017.418000000000000
                   .863636400000000                   .949000100000000                832.222000000000000
                   .863636400000000                   .954666800000000                665.351900000000000
                   .863636400000000                   .960333500000000                516.854500000000000
                   .863636400000000                   .966000100000000                386.600800000000000
                   .863636400000000                   .971666800000000                274.271200000000000
                   .863636400000000                   .977333500000000                179.620600000000000
                   .863636400000000                   .983000200000000                103.075200000000000
                   .863636400000000                   .988666800000000                 46.237060000000000
                   .863636400000000                   .994333500000000                 11.365020000000000
                   .772727300000000                   .864000000000000                   .000000000000000
                   .772727300000000                   .869666700000000                   .000000000000000
                   .772727300000000                   .875333400000000                   .000000000000000
                   .772727300000000                   .881000000000000               5215.002000000000000
                   .772727300000000                   .886666700000000               4754.772000000000000
                   .772727300000000                   .892333400000000               4313.803000000000000
                   .772727300000000                   .898000100000000               3892.470000000000000
                   .772727300000000                   .903666700000000               3491.073000000000000
                   .772727300000000                   .909333400000000               3109.916000000000000
                   .772727300000000                   .915000100000000               2749.320000000000000
                   .772727300000000                   .920666800000000               2409.624000000000000
                   .772727300000000                   .926333400000000               2091.171000000000000
                   .772727300000000                   .932000100000000               1794.300000000000000
                   .772727300000000                   .937666800000000               1519.342000000000000
                   .772727300000000                   .943333400000000               1266.620000000000000
                   .772727300000000                   .949000100000000               1036.405000000000000
                   .772727300000000                   .954666800000000                828.866100000000000
                   .772727300000000                   .960333500000000                644.085600000000000
                   .772727300000000                   .966000100000000                481.925600000000000
                   .772727300000000                   .971666800000000                342.011000000000000
                   .772727300000000                   .977333500000000                224.057900000000000
                   .772727300000000                   .983000200000000                128.619400000000000
                   .772727300000000                   .988666800000000                 57.715710000000000
                   .772727300000000                   .994333500000000                 14.191510000000000
                   .681818200000000                   .864000000000000                   .000000000000000
                   .681818200000000                   .869666700000000                   .000000000000000
                   .681818200000000                   .875333400000000                   .000000000000000
                   .681818200000000                   .881000000000000               6632.263000000000000
                   .681818200000000                   .886666700000000               6049.793000000000000
                   .681818200000000                   .892333400000000               5491.295000000000000
                   .681818200000000                   .898000100000000               4957.278000000000000
                   .681818200000000                   .903666700000000               4448.161000000000000
                   .681818200000000                   .909333400000000               3964.366000000000000
                   .681818200000000                   .915000100000000               3506.337000000000000
                   .681818200000000                   .920666800000000               3074.544000000000000
                   .681818200000000                   .926333400000000               2669.465000000000000
                   .681818200000000                   .932000100000000               2291.568000000000000
                   .681818200000000                   .937666800000000               1941.313000000000000
                   .681818200000000                   .943333400000000               1619.157000000000000
                   .681818200000000                   .949000100000000               1325.482000000000000
                   .681818200000000                   .954666800000000               1060.547000000000000
                   .681818200000000                   .960333500000000                824.499100000000000
                   .681818200000000                   .966000100000000                617.202300000000000
                   .681818200000000                   .971666800000000                438.217500000000000
                   .681818200000000                   .977333500000000                287.220100000000000
                   .681818200000000                   .983000200000000                164.957000000000000
                   .681818200000000                   .988666800000000                 74.058360000000000
                   .681818200000000                   .994333500000000                 18.219160000000000
                   .590909100000000                   .864000000000000                   .000000000000000
                   .590909100000000                   .869666700000000                   .000000000000000
                   .590909100000000                   .875333400000000                   .000000000000000
                   .590909100000000                   .881000000000000               8702.141000000000000
                   .590909100000000                   .886666700000000               7943.268000000000000
                   .590909100000000                   .892333400000000               7214.865000000000000
                   .590909100000000                   .898000100000000               6517.665000000000000
                   .590909100000000                   .903666700000000               5852.273000000000000
                   .590909100000000                   .909333400000000               5219.319000000000000
                   .590909100000000                   .915000100000000               4619.447000000000000
                   .590909100000000                   .920666800000000               4053.348000000000000
                   .590909100000000                   .926333400000000               3521.715000000000000
                   .590909100000000                   .932000100000000               3025.240000000000000
                   .590909100000000                   .937666800000000               2564.601000000000000
                   .590909100000000                   .943333400000000               2140.476000000000000
                   .590909100000000                   .949000100000000               1753.445000000000000
                   .590909100000000                   .954666800000000               1403.930000000000000
                   .590909100000000                   .960333500000000               1092.200000000000000
                   .590909100000000                   .966000100000000                818.157300000000000
                   .590909100000000                   .971666800000000                581.297100000000000
                   .590909100000000                   .977333500000000                381.265400000000000
                   .590909100000000                   .983000200000000                219.126700000000000
                   .590909100000000                   .988666800000000                 98.450960000000000
                   .590909100000000                   .994333500000000                 24.238300000000000
                   .500000000000000                   .864000000000000                   .000000000000000
                   .500000000000000                   .869666700000000                   .000000000000000
                   .500000000000000                   .875333400000000                   .000000000000000
                   .500000000000000                   .881000000000000              11882.450000000000000
                   .500000000000000                   .886666700000000              10857.370000000000000
                   .500000000000000                   .892333400000000               9871.894000000000000
                   .500000000000000                   .898000100000000               8927.146000000000000
                   .500000000000000                   .903666700000000               8024.087000000000000
                   .500000000000000                   .909333400000000               7163.691000000000000
                   .500000000000000                   .915000100000000               6346.973000000000000
                   .500000000000000                   .920666800000000               5575.010000000000000
                   .500000000000000                   .926333400000000               4848.895000000000000
                   .500000000000000                   .932000100000000               4169.716000000000000
                   .500000000000000                   .937666800000000               3538.556000000000000
                   .500000000000000                   .943333400000000               2956.495000000000000
                   .500000000000000                   .949000100000000               2424.490000000000000
                   .500000000000000                   .954666800000000               1943.282000000000000
                   .500000000000000                   .960333500000000               1513.408000000000000
                   .500000000000000                   .966000100000000               1134.896000000000000
                   .500000000000000                   .971666800000000                807.211300000000000
                   .500000000000000                   .977333500000000                530.023300000000000
                   .500000000000000                   .983000200000000                304.968700000000000
                   .500000000000000                   .988666800000000                137.179200000000000
                   .500000000000000                   .994333500000000                 33.813560000000000
                   .409090900000000                   .864000000000000                   .000000000000000
                   .409090900000000                   .869666700000000                   .000000000000000
                   .409090900000000                   .875333400000000                   .000000000000000
                   .409090900000000                   .881000000000000              15406.980000000000000
                   .409090900000000                   .886666700000000              14058.570000000000000
                   .409090900000000                   .892333400000000              12764.440000000000000
                   .409090900000000                   .898000100000000              11525.830000000000000
                   .409090900000000                   .903666700000000              10343.830000000000000
                   .409090900000000                   .909333400000000               9219.560000000000000
                   .409090900000000                   .915000100000000               8154.158000000000000
                   .409090900000000                   .920666800000000               7148.806000000000000
                   .409090900000000                   .926333400000000               6204.700000000000000
                   .409090900000000                   .932000100000000               5323.027000000000000
                   .409090900000000                   .937666800000000               4504.972000000000000
                   .409090900000000                   .943333400000000               3751.719000000000000
                   .409090900000000                   .949000100000000               3064.368000000000000
                   .409090900000000                   .954666800000000               2443.888000000000000
                   .409090900000000                   .960333500000000               1891.118000000000000
                   .409090900000000                   .966000100000000               1406.594000000000000
                   .409090900000000                   .971666800000000                990.541000000000000
                   .409090900000000                   .977333500000000                643.361300000000000
                   .409090900000000                   .983000200000000                366.701600000000000
                   .409090900000000                   .988666800000000                164.271300000000000
                   .409090900000000                   .994333500000000                 40.865170000000000
                   .318181800000000                   .864000000000000                   .000000000000000
                   .318181800000000                   .869666700000000                   .000000000000000
                   .318181800000000                   .875333400000000                   .000000000000000
                   .318181800000000                   .881000000000000              17371.880000000000000
                   .318181800000000                   .886666700000000              15840.330000000000000
                   .318181800000000                   .892333400000000              14372.070000000000000
                   .318181800000000                   .898000100000000              12968.310000000000000
                   .318181800000000                   .903666700000000              11630.170000000000000
                   .318181800000000                   .909333400000000              10358.750000000000000
                   .318181800000000                   .915000100000000               9155.195000000000000
                   .318181800000000                   .920666800000000               8020.695000000000000
                   .318181800000000                   .926333400000000               6956.438000000000000
                   .318181800000000                   .932000100000000               5963.611000000000000
                   .318181800000000                   .937666800000000               5043.389000000000000
                   .318181800000000                   .943333400000000               4196.947000000000000
                   .318181800000000                   .949000100000000               3425.368000000000000
                   .318181800000000                   .954666800000000               2729.586000000000000
                   .318181800000000                   .960333500000000               2110.400000000000000
                   .318181800000000                   .966000100000000               1568.275000000000000
                   .318181800000000                   .971666800000000               1103.342000000000000
                   .318181800000000                   .977333500000000                715.925600000000000
                   .318181800000000                   .983000200000000                407.685200000000000
                   .318181800000000                   .988666800000000                182.494800000000000
                   .318181800000000                   .994333500000000                 45.383980000000000
                   .227272700000000                   .864000000000000                   .000000000000000
                   .227272700000000                   .869666700000000                   .000000000000000
                   .227272700000000                   .875333400000000                   .000000000000000
                   .227272700000000                   .881000000000000              19546.440000000000000
                   .227272700000000                   .886666700000000              17810.220000000000000
                   .227272700000000                   .892333400000000              16147.610000000000000
                   .227272700000000                   .898000100000000              14559.830000000000000
                   .227272700000000                   .903666700000000              13047.940000000000000
                   .227272700000000                   .909333400000000              11613.040000000000000
                   .227272700000000                   .915000100000000              10256.240000000000000
                   .227272700000000                   .920666800000000               8978.695000000000000
                   .227272700000000                   .926333400000000               7781.555000000000000
                   .227272700000000                   .932000100000000               6665.975000000000000
                   .227272700000000                   .937666800000000               5633.093000000000000
                   .227272700000000                   .943333400000000               4684.044000000000000
                   .227272700000000                   .949000100000000               3819.862000000000000
                   .227272700000000                   .954666800000000               3041.417000000000000
                   .227272700000000                   .960333500000000               2349.433000000000000
                   .227272700000000                   .966000100000000               1744.275000000000000
                   .227272700000000                   .971666800000000               1225.953000000000000
                   .227272700000000                   .977333500000000                794.681200000000000
                   .227272700000000                   .983000200000000                452.102600000000000
                   .227272700000000                   .988666800000000                202.223400000000000
                   .227272700000000                   .994333500000000                 50.274300000000000
                   .136363600000000                   .864000000000000                   .000000000000000
                   .136363600000000                   .869666700000000                   .000000000000000
                   .136363600000000                   .875333400000000                   .000000000000000
                   .136363600000000                   .881000000000000              21916.320000000000000
                   .136363600000000                   .886666700000000              19954.900000000000000
                   .136363600000000                   .892333400000000              18078.770000000000000
                   .136363600000000                   .898000100000000              16289.110000000000000
                   .136363600000000                   .903666700000000              14586.910000000000000
                   .136363600000000                   .909333400000000              12973.200000000000000
                   .136363600000000                   .915000100000000              11449.020000000000000
                   .136363600000000                   .920666800000000              10015.450000000000000
                   .136363600000000                   .926333400000000               8673.595000000000000
                   .136363600000000                   .932000100000000               7424.520000000000000
                   .136363600000000                   .937666800000000               6269.297000000000000
                   .136363600000000                   .943333400000000               5208.981000000000000
                   .136363600000000                   .949000100000000               4244.522000000000000
                   .136363600000000                   .954666800000000               3376.696000000000000
                   .136363600000000                   .960333500000000               2606.115000000000000
                   .136363600000000                   .966000100000000               1933.013000000000000
                   .136363600000000                   .971666800000000               1357.247000000000000
                   .136363600000000                   .977333500000000                878.886500000000000
                   .136363600000000                   .983000200000000                499.526900000000000
                   .136363600000000                   .988666800000000                223.265000000000000
                   .136363600000000                   .994333500000000                 55.488540000000000
                   .045454550000000                   .864000000000000                   .000000000000000
                   .045454550000000                   .869666700000000                   .000000000000000
                   .045454550000000                   .875333400000000                   .000000000000000
                   .045454550000000                   .881000000000000              24451.230000000000000
                   .045454550000000                   .886666700000000              22246.780000000000000
                   .045454550000000                   .892333400000000              20140.550000000000000
                   .045454550000000                   .898000100000000              18133.630000000000000
                   .045454550000000                   .903666700000000              16226.900000000000000
                   .045454550000000                   .909333400000000              14421.280000000000000
                   .045454550000000                   .915000100000000              12717.690000000000000
                   .045454550000000                   .920666800000000              11117.130000000000000
                   .045454550000000                   .926333400000000               9620.578000000000000
                   .045454550000000                   .932000100000000               8229.000000000000000
                   .045454550000000                   .937666800000000               6943.353000000000000
                   .045454550000000                   .943333400000000               5764.580000000000000
                   .045454550000000                   .949000100000000               4693.506000000000000
                   .045454550000000                   .954666800000000               3730.776000000000000
                   .045454550000000                   .960333500000000               2876.862000000000000
                   .045454550000000                   .966000100000000               2131.831000000000000
                   .045454550000000                   .971666800000000               1495.354000000000000
                   .045454550000000                   .977333500000000                967.332500000000000
                   .045454550000000                   .983000200000000                549.271700000000000
                   .045454550000000                   .988666800000000                245.313500000000000
                   .045454550000000                   .994333500000000                 60.951230000000000
                  -.045454550000000                   .864000000000000                   .000000000000000
                  -.045454550000000                   .869666700000000                   .000000000000000
                  -.045454550000000                   .875333400000000                   .000000000000000
                  -.045454550000000                   .881000000000000              27103.470000000000000
                  -.045454550000000                   .886666700000000              24642.730000000000000
                  -.045454550000000                   .892333400000000              22294.150000000000000
                  -.045454550000000                   .898000100000000              20058.670000000000000
                  -.045454550000000                   .903666700000000              17937.030000000000000
                  -.045454550000000                   .909333400000000              15929.990000000000000
                  -.045454550000000                   .915000100000000              14038.360000000000000
                  -.045454550000000                   .920666800000000              12262.970000000000000
                  -.045454550000000                   .926333400000000              10604.660000000000000
                  -.045454550000000                   .932000100000000               9064.250000000000000
                  -.045454550000000                   .937666800000000               7642.552000000000000
                  -.045454550000000                   .943333400000000               6340.358000000000000
                  -.045454550000000                   .949000100000000               5158.337000000000000
                  -.045454550000000                   .954666800000000               4096.969000000000000
                  -.045454550000000                   .960333500000000               3156.552000000000000
                  -.045454550000000                   .966000100000000               2336.958000000000000
                  -.045454550000000                   .971666800000000               1637.652000000000000
                  -.045454550000000                   .977333500000000               1058.334000000000000
                  -.045454550000000                   .983000200000000                600.387100000000000
                  -.045454550000000                   .988666800000000                267.948200000000000
                  -.045454550000000                   .994333500000000                 66.558630000000000
                  -.136363600000000                   .864000000000000                   .000000000000000
                  -.136363600000000                   .869666700000000                   .000000000000000
                  -.136363600000000                   .875333400000000                   .000000000000000
                  -.136363600000000                   .881000000000000              29808.800000000000000
                  -.136363600000000                   .886666700000000              27084.890000000000000
                  -.136363600000000                   .892333400000000              24487.690000000000000
                  -.136363600000000                   .898000100000000              22017.980000000000000
                  -.136363600000000                   .903666700000000              19676.330000000000000
                  -.136363600000000                   .909333400000000              17463.320000000000000
                  -.136363600000000                   .915000100000000              15379.580000000000000
                  -.136363600000000                   .920666800000000              13425.770000000000000
                  -.136363600000000                   .926333400000000              11602.540000000000000
                  -.136363600000000                   .932000100000000               9910.560000000000000
                  -.136363600000000                   .937666800000000               8350.441000000000000
                  -.136363600000000                   .943333400000000               6922.803000000000000
                  -.136363600000000                   .949000100000000               5628.135000000000000
                  -.136363600000000                   .954666800000000               4466.723000000000000
                  -.136363600000000                   .960333500000000               3438.666000000000000
                  -.136363600000000                   .966000100000000               2543.625000000000000
                  -.136363600000000                   .971666800000000               1780.835000000000000
                  -.136363600000000                   .977333500000000               1149.780000000000000
                  -.136363600000000                   .983000200000000                651.690400000000000
                  -.136363600000000                   .988666800000000                290.647000000000000
                  -.136363600000000                   .994333500000000                 72.182170000000000
                  -.227272700000000                   .864000000000000                   .000000000000000
                  -.227272700000000                   .869666700000000                   .000000000000000
                  -.227272700000000                   .875333400000000                   .000000000000000
                  -.227272700000000                   .881000000000000              32489.990000000000000
                  -.227272700000000                   .886666700000000              29503.850000000000000
                  -.227272700000000                   .892333400000000              26659.130000000000000
                  -.227272700000000                   .898000100000000              23956.420000000000000
                  -.227272700000000                   .903666700000000              21396.090000000000000
                  -.227272700000000                   .909333400000000              18978.520000000000000
                  -.227272700000000                   .915000100000000              16704.140000000000000
                  -.227272700000000                   .920666800000000              14573.410000000000000
                  -.227272700000000                   .926333400000000              12586.810000000000000
                  -.227272700000000                   .932000100000000              10744.780000000000000
                  -.227272700000000                   .937666800000000               9047.743000000000000
                  -.227272700000000                   .943333400000000               7496.133000000000000
                  -.227272700000000                   .949000100000000               6090.229000000000000
                  -.227272700000000                   .954666800000000               4830.110000000000000
                  -.227272700000000                   .960333500000000               3715.667000000000000
                  -.227272700000000                   .966000100000000               2746.332000000000000
                  -.227272700000000                   .971666800000000               1921.111000000000000
                  -.227272700000000                   .977333500000000               1239.260000000000000
                  -.227272700000000                   .983000200000000                701.834200000000000
                  -.227272700000000                   .988666800000000                312.816500000000000
                  -.227272700000000                   .994333500000000                 77.675740000000000
                  -.318181800000000                   .864000000000000                   .000000000000000
                  -.318181800000000                   .869666700000000                   .000000000000000
                  -.318181800000000                   .875333400000000                   .000000000000000
                  -.318181800000000                   .881000000000000              35062.960000000000000
                  -.318181800000000                   .886666700000000              31824.210000000000000
                  -.318181800000000                   .892333400000000              28741.170000000000000
                  -.318181800000000                   .898000100000000              25814.250000000000000
                  -.318181800000000                   .903666700000000              23043.610000000000000
                  -.318181800000000                   .909333400000000              20429.430000000000000
                  -.318181800000000                   .915000100000000              17971.930000000000000
                  -.318181800000000                   .920666800000000              15671.360000000000000
                  -.318181800000000                   .926333400000000              13528.000000000000000
                  -.318181800000000                   .932000100000000              11542.080000000000000
                  -.318181800000000                   .937666800000000               9713.837000000000000
                  -.318181800000000                   .943333400000000               8043.490000000000000
                  -.318181800000000                   .949000100000000               6531.111000000000000
                  -.318181800000000                   .954666800000000               5176.573000000000000
                  -.318181800000000                   .960333500000000               3979.551000000000000
                  -.318181800000000                   .966000100000000               2939.260000000000000
                  -.318181800000000                   .971666800000000               2054.475000000000000
                  -.318181800000000                   .977333500000000               1324.234000000000000
                  -.318181800000000                   .983000200000000                749.404700000000000
                  -.318181800000000                   .988666800000000                333.835700000000000
                  -.318181800000000                   .994333500000000                 82.886340000000000
                  -.409090900000000                   .864000000000000                   .000000000000000
                  -.409090900000000                   .869666700000000                   .000000000000000
                  -.409090900000000                   .875333400000000                   .000000000000000
                  -.409090900000000                   .881000000000000              37444.550000000000000
                  -.409090900000000                   .886666700000000              33971.420000000000000
                  -.409090900000000                   .892333400000000              30667.350000000000000
                  -.409090900000000                   .898000100000000              27532.550000000000000
                  -.409090900000000                   .903666700000000              24566.980000000000000
                  -.409090900000000                   .909333400000000              21770.610000000000000
                  -.409090900000000                   .915000100000000              19143.480000000000000
                  -.409090900000000                   .920666800000000              16685.650000000000000
                  -.409090900000000                   .926333400000000              14397.180000000000000
                  -.409090900000000                   .932000100000000              12278.130000000000000
                  -.409090900000000                   .937666800000000              10328.530000000000000
                  -.409090900000000                   .943333400000000               8548.385000000000000
                  -.409090900000000                   .949000100000000               6937.591000000000000
                  -.409090900000000                   .954666800000000               5495.816000000000000
                  -.409090900000000                   .960333500000000               4222.534000000000000
                  -.409090900000000                   .966000100000000               3116.755000000000000
                  -.409090900000000                   .971666800000000               2177.050000000000000
                  -.409090900000000                   .977333500000000               1402.250000000000000
                  -.409090900000000                   .983000200000000                793.038100000000000
                  -.409090900000000                   .988666800000000                353.105900000000000
                  -.409090900000000                   .994333500000000                 87.666440000000000
                  -.500000000000000                   .864000000000000                   .000000000000000
                  -.500000000000000                   .869666700000000                   .000000000000000
                  -.500000000000000                   .875333400000000                   .000000000000000
                  -.500000000000000                   .881000000000000              39560.350000000000000
                  -.500000000000000                   .886666700000000              35878.850000000000000
                  -.500000000000000                   .892333400000000              32378.280000000000000
                  -.500000000000000                   .898000100000000              29058.680000000000000
                  -.500000000000000                   .903666700000000              25919.820000000000000
                  -.500000000000000                   .909333400000000              22961.520000000000000
                  -.500000000000000                   .915000100000000              20183.630000000000000
                  -.500000000000000                   .920666800000000              17586.030000000000000
                  -.500000000000000                   .926333400000000              15168.620000000000000
                  -.500000000000000                   .932000100000000              12931.260000000000000
                  -.500000000000000                   .937666800000000              10873.830000000000000
                  -.500000000000000                   .943333400000000               8996.157000000000000
                  -.500000000000000                   .949000100000000               7297.948000000000000
                  -.500000000000000                   .954666800000000               5778.698000000000000
                  -.500000000000000                   .960333500000000               4437.710000000000000
                  -.500000000000000                   .966000100000000               3273.814000000000000
                  -.500000000000000                   .971666800000000               2285.406000000000000
                  -.500000000000000                   .977333500000000               1471.143000000000000
                  -.500000000000000                   .983000200000000                831.534800000000000
                  -.500000000000000                   .988666800000000                370.101000000000000
                  -.500000000000000                   .994333500000000                 91.886150000000000
                  -.590909100000000                   .864000000000000                   .000000000000000
                  -.590909100000000                   .869666700000000                   .000000000000000
                  -.590909100000000                   .875333400000000                   .000000000000000
                  -.590909100000000                   .881000000000000              41351.330000000000000
                  -.590909100000000                   .886666700000000              37493.590000000000000
                  -.590909100000000                   .892333400000000              33826.790000000000000
                  -.590909100000000                   .898000100000000              30350.820000000000000
                  -.590909100000000                   .903666700000000              27065.310000000000000
                  -.590909100000000                   .909333400000000              23969.930000000000000
                  -.590909100000000                   .915000100000000              21064.400000000000000
                  -.590909100000000                   .920666800000000              18348.440000000000000
                  -.590909100000000                   .926333400000000              15821.830000000000000
                  -.590909100000000                   .932000100000000              13484.270000000000000
                  -.590909100000000                   .937666800000000              11335.480000000000000
                  -.590909100000000                   .943333400000000               9375.167000000000000
                  -.590909100000000                   .949000100000000               7602.882000000000000
                  -.590909100000000                   .954666800000000               6017.979000000000000
                  -.590909100000000                   .960333500000000               4619.614000000000000
                  -.590909100000000                   .966000100000000               3406.481000000000000
                  -.590909100000000                   .971666800000000               2376.841000000000000
                  -.590909100000000                   .977333500000000               1529.211000000000000
                  -.590909100000000                   .983000200000000                863.951000000000000
                  -.590909100000000                   .988666800000000                384.407700000000000
                  -.590909100000000                   .994333500000000                 95.443180000000000
                  -.681818200000000                   .864000000000000                   .000000000000000
                  -.681818200000000                   .869666700000000                   .000000000000000
                  -.681818200000000                   .875333400000000                   .000000000000000
                  -.681818200000000                   .881000000000000              42777.920000000000000
                  -.681818200000000                   .886666700000000              38780.200000000000000
                  -.681818200000000                   .892333400000000              34981.250000000000000
                  -.681818200000000                   .898000100000000              31380.910000000000000
                  -.681818200000000                   .903666700000000              27978.700000000000000
                  -.681818200000000                   .909333400000000              24774.200000000000000
                  -.681818200000000                   .915000100000000              21766.990000000000000
                  -.681818200000000                   .920666800000000              18956.720000000000000
                  -.681818200000000                   .926333400000000              16343.030000000000000
                  -.681818200000000                   .932000100000000              13925.540000000000000
                  -.681818200000000                   .937666800000000              11703.860000000000000
                  -.681818200000000                   .943333400000000               9677.574000000000000
                  -.681818200000000                   .949000100000000               7846.129000000000000
                  -.681818200000000                   .954666800000000               6208.775000000000000
                  -.681818200000000                   .960333500000000               4764.568000000000000
                  -.681818200000000                   .966000100000000               3512.100000000000000
                  -.681818200000000                   .971666800000000               2449.543000000000000
                  -.681818200000000                   .977333500000000               1575.317000000000000
                  -.681818200000000                   .983000200000000                889.658800000000000
                  -.681818200000000                   .988666800000000                395.750700000000000
                  -.681818200000000                   .994333500000000                 98.269100000000000
                  -.772727300000000                   .864000000000000                   .000000000000000
                  -.772727300000000                   .869666700000000                   .000000000000000
                  -.772727300000000                   .875333400000000                   .000000000000000
                  -.772727300000000                   .881000000000000              43821.430000000000000
                  -.772727300000000                   .886666700000000              39721.800000000000000
                  -.772727300000000                   .892333400000000              35826.600000000000000
                  -.772727300000000                   .898000100000000              32135.560000000000000
                  -.772727300000000                   .903666700000000              28648.160000000000000
                  -.772727300000000                   .909333400000000              25363.920000000000000
                  -.772727300000000                   .915000100000000              22282.360000000000000
                  -.772727300000000                   .920666800000000              19403.060000000000000
                  -.772727300000000                   .926333400000000              16725.590000000000000
                  -.772727300000000                   .932000100000000              14249.500000000000000
                  -.772727300000000                   .937666800000000              11974.320000000000000
                  -.772727300000000                   .943333400000000               9899.586000000000000
                  -.772727300000000                   .949000100000000               8024.663000000000000
                  -.772727300000000                   .954666800000000               6348.740000000000000
                  -.772727300000000                   .960333500000000               4870.805000000000000
                  -.772727300000000                   .966000100000000               3589.400000000000000
                  -.772727300000000                   .971666800000000               2502.651000000000000
                  -.772727300000000                   .977333500000000               1608.924000000000000
                  -.772727300000000                   .983000200000000                908.363600000000000
                  -.772727300000000                   .988666800000000                404.001100000000000
                  -.772727300000000                   .994333500000000                100.331400000000000
                  -.863636400000000                   .864000000000000                   .000000000000000
                  -.863636400000000                   .869666700000000                   .000000000000000
                  -.863636400000000                   .875333400000000                   .000000000000000
                  -.863636400000000                   .881000000000000              44482.730000000000000
                  -.863636400000000                   .886666700000000              40319.150000000000000
                  -.863636400000000                   .892333400000000              36363.410000000000000
                  -.863636400000000                   .898000100000000              32615.230000000000000
                  -.863636400000000                   .903666700000000              29074.060000000000000
                  -.863636400000000                   .909333400000000              25739.400000000000000
                  -.863636400000000                   .915000100000000              22610.730000000000000
                  -.863636400000000                   .920666800000000              19687.630000000000000
                  -.863636400000000                   .926333400000000              16969.610000000000000
                  -.863636400000000                   .932000100000000              14456.220000000000000
                  -.863636400000000                   .937666800000000              12146.940000000000000
                  -.863636400000000                   .943333400000000              10041.260000000000000
                  -.863636400000000                   .949000100000000               8138.534000000000000
                  -.863636400000000                   .954666800000000               6437.915000000000000
                  -.863636400000000                   .960333500000000               4938.370000000000000
                  -.863636400000000                   .966000100000000               3638.426000000000000
                  -.863636400000000                   .971666800000000               2536.206000000000000
                  -.863636400000000                   .977333500000000               1630.065000000000000
                  -.863636400000000                   .983000200000000                920.087900000000000
                  -.863636400000000                   .988666800000000                409.169000000000000
                  -.863636400000000                   .994333500000000                101.631800000000000
                  -.954545400000000                   .864000000000000                   .000000000000000
                  -.954545400000000                   .869666700000000                   .000000000000000
                  -.954545400000000                   .875333400000000                   .000000000000000
                  -.954545400000000                   .881000000000000              44779.260000000000000
                  -.954545400000000                   .886666700000000              40587.790000000000000
                  -.954545400000000                   .892333400000000              36605.500000000000000
                  -.954545400000000                   .898000100000000              32832.120000000000000
                  -.954545400000000                   .903666700000000              29267.100000000000000
                  -.954545400000000                   .909333400000000              25909.960000000000000
                  -.954545400000000                   .915000100000000              22760.190000000000000
                  -.954545400000000                   .920666800000000              19817.360000000000000
                  -.954545400000000                   .926333400000000              17081.000000000000000
                  -.954545400000000                   .932000100000000              14550.650000000000000
                  -.954545400000000                   .937666800000000              12225.800000000000000
                  -.954545400000000                   .943333400000000              10105.940000000000000
                  -.954545400000000                   .949000100000000               8190.419000000000000
                  -.954545400000000                   .954666800000000               6478.399000000000000
                  -.954545400000000                   .960333500000000               4968.858000000000000
                  -.954545400000000                   .966000100000000               3660.347000000000000
                  -.954545400000000                   .971666800000000               2551.022000000000000
                  -.954545400000000                   .977333500000000               1639.263000000000000
                  -.954545400000000                   .983000200000000                925.124700000000000
                  -.954545400000000                   .988666800000000                411.383300000000000
                  -.954545400000000                   .994333500000000                102.201500000000000
