 eorbl(24)
                   .000000032609280
                   .000000423920600
                   .000001084259000
                   .000002678037000
                   .000006481095000
                   .000015222420000
                   .000034673850000
                   .000076476920000
                   .000163450000000
                   .000338199100000
                   .000676359300000
                   .001306544000000
                   .002436207000000
                   .004381583000000
                   .007596626000000
                   .012695210000000
                   .020478320000000
                   .032044880000000
                   .049304520000000
                   .076797910000000
                   .127187100000000
                   .229239900000000
                   .389381800000000
                   .491461500000000
                   .000000000000000
                   .000000000000000
