 minEtta(22,24)
                 17.731340000000000
                 21.000000000000000
                 21.000000000000000
                 21.000000000000000
                 21.000000000000000
                 21.000000000000000
                 21.000000000000000
                 21.000000000000000
                 21.000000000000000
                 21.000000000000000
                 21.000000000000000
                 21.000000000000000
                 21.000000000000000
                 21.000000000000000
                 21.000000000000000
                 21.000000000000000
                 21.000000000000000
                 21.000000000000000
                 21.000000000000000
                 21.000000000000000
                 21.000000000000000
                 21.000000000000000
                 14.797240000000000
                 17.974110000000000
                 21.000000000000000
                 21.000000000000000
                 21.000000000000000
                 21.000000000000000
                 21.000000000000000
                 21.000000000000000
                 21.000000000000000
                 21.000000000000000
                 21.000000000000000
                 21.000000000000000
                 21.000000000000000
                 21.000000000000000
                 21.000000000000000
                 21.000000000000000
                 21.000000000000000
                 21.000000000000000
                 21.000000000000000
                 21.000000000000000
                 21.000000000000000
                 21.000000000000000
                 13.775770000000000
                 16.737540000000000
                 20.753710000000000
                 21.000000000000000
                 21.000000000000000
                 21.000000000000000
                 21.000000000000000
                 21.000000000000000
                 21.000000000000000
                 21.000000000000000
                 21.000000000000000
                 21.000000000000000
                 21.000000000000000
                 21.000000000000000
                 21.000000000000000
                 21.000000000000000
                 21.000000000000000
                 21.000000000000000
                 21.000000000000000
                 21.000000000000000
                 21.000000000000000
                 21.000000000000000
                 12.778270000000000
                 15.529450000000000
                 19.262240000000000
                 21.000000000000000
                 21.000000000000000
                 21.000000000000000
                 21.000000000000000
                 21.000000000000000
                 21.000000000000000
                 21.000000000000000
                 21.000000000000000
                 21.000000000000000
                 21.000000000000000
                 21.000000000000000
                 21.000000000000000
                 21.000000000000000
                 21.000000000000000
                 21.000000000000000
                 21.000000000000000
                 21.000000000000000
                 21.000000000000000
                 21.000000000000000
                 11.806040000000000
                 14.351480000000000
                 17.807120000000000
                 21.000000000000000
                 21.000000000000000
                 21.000000000000000
                 21.000000000000000
                 21.000000000000000
                 21.000000000000000
                 21.000000000000000
                 21.000000000000000
                 21.000000000000000
                 21.000000000000000
                 21.000000000000000
                 21.000000000000000
                 21.000000000000000
                 21.000000000000000
                 21.000000000000000
                 21.000000000000000
                 21.000000000000000
                 21.000000000000000
                 21.000000000000000
                 10.861590000000000
                 13.206690000000000
                 16.392190000000000
                 20.866590000000000
                 21.000000000000000
                 21.000000000000000
                 21.000000000000000
                 21.000000000000000
                 21.000000000000000
                 21.000000000000000
                 21.000000000000000
                 21.000000000000000
                 21.000000000000000
                 21.000000000000000
                 21.000000000000000
                 21.000000000000000
                 21.000000000000000
                 21.000000000000000
                 21.000000000000000
                 21.000000000000000
                 21.000000000000000
                 21.000000000000000
                  9.945223000000000
                 12.095480000000000
                 15.018000000000000
                 19.126260000000000
                 21.000000000000000
                 21.000000000000000
                 21.000000000000000
                 21.000000000000000
                 21.000000000000000
                 21.000000000000000
                 21.000000000000000
                 21.000000000000000
                 21.000000000000000
                 21.000000000000000
                 21.000000000000000
                 21.000000000000000
                 21.000000000000000
                 21.000000000000000
                 21.000000000000000
                 21.000000000000000
                 21.000000000000000
                 21.000000000000000
                  9.059381000000000
                 11.020840000000000
                 13.688290000000000
                 17.440980000000000
                 21.000000000000000
                 21.000000000000000
                 21.000000000000000
                 21.000000000000000
                 21.000000000000000
                 21.000000000000000
                 21.000000000000000
                 21.000000000000000
                 21.000000000000000
                 21.000000000000000
                 21.000000000000000
                 21.000000000000000
                 21.000000000000000
                 21.000000000000000
                 21.000000000000000
                 21.000000000000000
                 21.000000000000000
                 21.000000000000000
                  8.204920000000000
                  9.983847000000000
                 12.404460000000000
                 15.812590000000000
                 20.818200000000000
                 21.000000000000000
                 21.000000000000000
                 21.000000000000000
                 21.000000000000000
                 21.000000000000000
                 21.000000000000000
                 21.000000000000000
                 21.000000000000000
                 21.000000000000000
                 21.000000000000000
                 21.000000000000000
                 21.000000000000000
                 21.000000000000000
                 21.000000000000000
                 21.000000000000000
                 21.000000000000000
                 21.000000000000000
                  7.382492000000000
                  8.985325000000000
                 11.167580000000000
                 14.242540000000000
                 18.763940000000000
                 21.000000000000000
                 21.000000000000000
                 21.000000000000000
                 21.000000000000000
                 21.000000000000000
                 21.000000000000000
                 21.000000000000000
                 21.000000000000000
                 21.000000000000000
                 21.000000000000000
                 21.000000000000000
                 21.000000000000000
                 21.000000000000000
                 21.000000000000000
                 21.000000000000000
                 21.000000000000000
                 21.000000000000000
                  6.593815000000000
                  8.027390000000000
                  9.980329000000000
                 12.734340000000000
                 16.788410000000000
                 21.000000000000000
                 21.000000000000000
                 21.000000000000000
                 21.000000000000000
                 21.000000000000000
                 21.000000000000000
                 21.000000000000000
                 21.000000000000000
                 21.000000000000000
                 21.000000000000000
                 21.000000000000000
                 21.000000000000000
                 21.000000000000000
                 21.000000000000000
                 21.000000000000000
                 21.000000000000000
                 21.000000000000000
                  5.839942000000000
                  7.111363000000000
                  8.844392000000000
                 11.290230000000000
                 14.894730000000000
                 19.014550000000000
                 21.000000000000000
                 21.000000000000000
                 21.000000000000000
                 21.000000000000000
                 21.000000000000000
                 21.000000000000000
                 21.000000000000000
                 21.000000000000000
                 21.000000000000000
                 21.000000000000000
                 21.000000000000000
                 21.000000000000000
                 21.000000000000000
                 21.000000000000000
                 21.000000000000000
                 21.000000000000000
                  5.121993000000000
                  6.238634000000000
                  7.761560000000000
                  9.912579000000000
                 13.086210000000000
                 16.698670000000000
                 18.638500000000000
                 20.626680000000000
                 21.000000000000000
                 21.000000000000000
                 21.000000000000000
                 21.000000000000000
                 21.000000000000000
                 21.000000000000000
                 21.000000000000000
                 21.000000000000000
                 21.000000000000000
                 21.000000000000000
                 21.000000000000000
                 21.000000000000000
                 21.000000000000000
                 21.000000000000000
                  4.441172000000000
                  5.410707000000000
                  6.733760000000000
                  8.603949000000000
                 11.366380000000000
                 14.494120000000000
                 16.168320000000000
                 17.881320000000000
                 19.724410000000000
                 21.000000000000000
                 21.000000000000000
                 21.000000000000000
                 21.000000000000000
                 21.000000000000000
                 21.000000000000000
                 21.000000000000000
                 21.000000000000000
                 21.000000000000000
                 21.000000000000000
                 21.000000000000000
                 21.000000000000000
                 21.000000000000000
                  3.798846000000000
                  4.629283000000000
                  5.763163000000000
                  7.367216000000000
                  9.739234000000000
                 12.406130000000000
                 13.830270000000000
                 15.285310000000000
                 16.849280000000000
                 18.506130000000000
                 20.231680000000000
                 21.000000000000000
                 21.000000000000000
                 21.000000000000000
                 21.000000000000000
                 21.000000000000000
                 21.000000000000000
                 21.000000000000000
                 21.000000000000000
                 21.000000000000000
                 21.000000000000000
                 21.000000000000000
                  3.196453000000000
                  3.896148000000000
                  4.852056000000000
                  6.205405000000000
                  8.208966000000000
                 10.440360000000000
                 11.630540000000000
                 12.845200000000000
                 14.149460000000000
                 15.529770000000000
                 16.965940000000000
                 18.431230000000000
                 19.893320000000000
                 21.000000000000000
                 21.000000000000000
                 21.000000000000000
                 21.000000000000000
                 21.000000000000000
                 21.000000000000000
                 21.000000000000000
                 21.000000000000000
                 21.000000000000000
                  2.635430000000000
                  3.213092000000000
                  4.002729000000000
                  5.121555000000000
                  6.779804000000000
                  8.602899000000000
                  9.575821000000000
                 10.568160000000000
                 11.632530000000000
                 12.757760000000000
                 13.927320000000000
                 15.119440000000000
                 16.307900000000000
                 17.463450000000000
                 18.555880000000000
                 19.556250000000000
                 20.439150000000000
                 21.000000000000000
                 21.000000000000000
                 21.000000000000000
                 21.000000000000000
                 21.000000000000000
                  2.117278000000000
                  2.581985000000000
                  3.217577000000000
                  4.118846000000000
                  5.456166000000000
                  6.900541000000000
                  7.673640000000000
                  8.462269000000000
                  9.307136000000000
                 10.199270000000000
                 11.125500000000000
                 12.068600000000000
                 13.007870000000000
                 13.920310000000000
                 14.782190000000000
                 15.570840000000000
                 16.266390000000000
                 16.853160000000000
                 17.320590000000000
                 17.663510000000000
                 17.881980000000000
                 17.980570000000000
                  1.643131000000000
                  2.004251000000000
                  2.498442000000000
                  3.199756000000000
                  4.241565000000000
                  5.339986000000000
                  5.931586000000000
                  6.535704000000000
                  7.182069000000000
                  7.863716000000000
                  8.570540000000000
                  9.289377000000000
                 10.004490000000000
                 10.698450000000000
                 11.353310000000000
                 11.951970000000000
                 12.479460000000000
                 12.924000000000000
                 13.277670000000000
                 13.536640000000000
                 13.700980000000000
                 13.774190000000000
                  1.213876000000000
                  1.481013000000000
                  1.846795000000000
                  2.366292000000000
                  3.138894000000000
                  3.928692000000000
                  4.358301000000000
                  4.797891000000000
                  5.267560000000000
                  5.762181000000000
                  6.274370000000000
                  6.794580000000000
                  7.311442000000000
                  7.812415000000000
                  8.284624000000000
                  8.715827000000000
                  9.095334000000000
                  9.414743000000000
                  9.668435000000000
                  9.853706000000000
                  9.970668000000000
                 10.021870000000000
                   .831256000000000
                  1.014436000000000
                  1.265404000000000
                  1.622122000000000
                  2.153258000000000
                  2.677502000000000
                  2.966219000000000
                  3.262403000000000
                  3.578399000000000
                  3.910701000000000
                  4.254321000000000
                  4.602840000000000
                  4.948663000000000
                  5.283431000000000
                  5.598596000000000
                  5.886045000000000
                  6.138710000000000
                  6.351058000000000
                  6.519396000000000
                  6.641969000000000
                  6.718887000000000
                  6.751873000000000
                   .501189900000000
                   .611786800000000
                   .763400100000000
                   .979076700000000
                  1.300541000000000
                  1.608319000000000
                  1.779581000000000
                  1.955600000000000
                  2.143140000000000
                  2.340096000000000
                  2.543495000000000
                  2.749537000000000
                  2.953742000000000
                  3.151195000000000
                  3.336886000000000
                  3.506069000000000
                  3.654620000000000
                  3.779313000000000
                  3.878006000000000
                  3.949691000000000
                  3.994447000000000
                  4.013301000000000
                   .237530500000000
                   .290020100000000
                   .362019400000000
                   .464528000000000
                   .617159500000000
                   .762332900000000
                   .842939000000000
                   .925698800000000
                  1.013789000000000
                  1.106213000000000
                  1.201573000000000
                  1.298091000000000
                  1.393675000000000
                  1.486037000000000
                  1.572846000000000
                  1.651899000000000
                  1.721283000000000
                  1.779503000000000
                  1.825565000000000
                  1.859002000000000
                  1.879855000000000
                  1.888600000000000
                   .062089260000000
                   .075829420000000
                   .094688240000000
                   .121561500000000
                   .161722200000000
                   .201213900000000
                   .222630600000000
                   .244437800000000
                   .267646200000000
                   .291994500000000
                   .317116900000000
                   .342547400000000
                   .367738500000000
                   .392091000000000
                   .414993900000000
                   .435869000000000
                   .454213200000000
                   .469632100000000
                   .481862300000000
                   .490778000000000
                   .496385600000000
                   .498807000000000
                 21.000000000000000
                 21.000000000000000
                 21.000000000000000
                 21.000000000000000
                 21.000000000000000
                 21.000000000000000
                 21.000000000000000
                 21.000000000000000
                 21.000000000000000
                 21.000000000000000
                 21.000000000000000
                 21.000000000000000
                 21.000000000000000
                 21.000000000000000
                 21.000000000000000
                 21.000000000000000
                 21.000000000000000
                 21.000000000000000
                 21.000000000000000
                 21.000000000000000
                 21.000000000000000
                 21.000000000000000
                 21.000000000000000
                 21.000000000000000
                 21.000000000000000
                 21.000000000000000
                 21.000000000000000
                 21.000000000000000
                 21.000000000000000
                 21.000000000000000
                 21.000000000000000
                 21.000000000000000
                 21.000000000000000
                 21.000000000000000
                 21.000000000000000
                 21.000000000000000
                 21.000000000000000
                 21.000000000000000
                 21.000000000000000
                 21.000000000000000
                 21.000000000000000
                 21.000000000000000
                 21.000000000000000
                 21.000000000000000
                 21.000000000000000
                 21.000000000000000
                 21.000000000000000
                 21.000000000000000
                 21.000000000000000
                 21.000000000000000
                 21.000000000000000
                 21.000000000000000
                 21.000000000000000
                 21.000000000000000
                 21.000000000000000
                 21.000000000000000
                 21.000000000000000
                 21.000000000000000
                 21.000000000000000
                 21.000000000000000
                 21.000000000000000
                 21.000000000000000
                 21.000000000000000
                 21.000000000000000
                 21.000000000000000
                 21.000000000000000
                 21.000000000000000
                 21.000000000000000
                 21.000000000000000
                 21.000000000000000
                 21.000000000000000
                 21.000000000000000
                 21.000000000000000
                 21.000000000000000
                 21.000000000000000
                 21.000000000000000
                 21.000000000000000
                 21.000000000000000
                 21.000000000000000
                 21.000000000000000
                 21.000000000000000
                 21.000000000000000
                 21.000000000000000
                 21.000000000000000
                 21.000000000000000
                 21.000000000000000
                 21.000000000000000
                 21.000000000000000
                 21.000000000000000
                 21.000000000000000
                 21.000000000000000
                 21.000000000000000
                 21.000000000000000
                 21.000000000000000
                 21.000000000000000
                 21.000000000000000
                 21.000000000000000
                 21.000000000000000
                 21.000000000000000
                 21.000000000000000
                 21.000000000000000
                 21.000000000000000
                 21.000000000000000
                 21.000000000000000
                 21.000000000000000
                 21.000000000000000
                 21.000000000000000
                 21.000000000000000
                 21.000000000000000
                 21.000000000000000
                 21.000000000000000
                 21.000000000000000
                 21.000000000000000
                 21.000000000000000
                 21.000000000000000
                 21.000000000000000
                 21.000000000000000
                 21.000000000000000
                 21.000000000000000
                 21.000000000000000
                 21.000000000000000
                 21.000000000000000
                 21.000000000000000
                 21.000000000000000
                 21.000000000000000
                 21.000000000000000
                 21.000000000000000
                 21.000000000000000
                 21.000000000000000
                 21.000000000000000
                 21.000000000000000
                 21.000000000000000
                 21.000000000000000
                 21.000000000000000
                 21.000000000000000
                 21.000000000000000
                 21.000000000000000
                 21.000000000000000
                 21.000000000000000
                 21.000000000000000
                 21.000000000000000
                 21.000000000000000
                 21.000000000000000
                 21.000000000000000
                 21.000000000000000
                 21.000000000000000
                 21.000000000000000
                 21.000000000000000
                 21.000000000000000
                 21.000000000000000
                 21.000000000000000
                 21.000000000000000
                 21.000000000000000
                 21.000000000000000
                 21.000000000000000
                 21.000000000000000
                 21.000000000000000
                 21.000000000000000
                 21.000000000000000
                 21.000000000000000
                 21.000000000000000
                 21.000000000000000
                 21.000000000000000
                 21.000000000000000
                 21.000000000000000
                 21.000000000000000
                 21.000000000000000
                 21.000000000000000
                 21.000000000000000
                 21.000000000000000
                 21.000000000000000
                 21.000000000000000
                 21.000000000000000
                 21.000000000000000
                 21.000000000000000
                 21.000000000000000
                 21.000000000000000
                 21.000000000000000
                 21.000000000000000
                 21.000000000000000
                 21.000000000000000
                 21.000000000000000
                 21.000000000000000
                 21.000000000000000
                 21.000000000000000
                 21.000000000000000
                 21.000000000000000
                 21.000000000000000
                 21.000000000000000
                 21.000000000000000
                 21.000000000000000
                 21.000000000000000
                 21.000000000000000
                 21.000000000000000
                 21.000000000000000
                 21.000000000000000
                 21.000000000000000
                 21.000000000000000
                 21.000000000000000
                 21.000000000000000
                 21.000000000000000
                 21.000000000000000
                 21.000000000000000
                 21.000000000000000
                 21.000000000000000
                 21.000000000000000
                 21.000000000000000
                 21.000000000000000
                 21.000000000000000
                 21.000000000000000
                 21.000000000000000
                 21.000000000000000
                 21.000000000000000
                 21.000000000000000
                 21.000000000000000
                 21.000000000000000
                 21.000000000000000
                 21.000000000000000
                 21.000000000000000
                 21.000000000000000
                 21.000000000000000
                 21.000000000000000
                 21.000000000000000
                 21.000000000000000
                 21.000000000000000
                 21.000000000000000
                 21.000000000000000
                 21.000000000000000
                 21.000000000000000
                 21.000000000000000
                 21.000000000000000
                 21.000000000000000
                 21.000000000000000
                 21.000000000000000
                 21.000000000000000
                 21.000000000000000
                 21.000000000000000
                 21.000000000000000
                 21.000000000000000
                 21.000000000000000
                 21.000000000000000
                 21.000000000000000
                 21.000000000000000
                 21.000000000000000
                 21.000000000000000
                 21.000000000000000
                 21.000000000000000
                 21.000000000000000
                 21.000000000000000
                 21.000000000000000
                 21.000000000000000
                 21.000000000000000
                 21.000000000000000
                 21.000000000000000
                 21.000000000000000
                 21.000000000000000
                 21.000000000000000
                 21.000000000000000
                 21.000000000000000
                 21.000000000000000
                 21.000000000000000
                 21.000000000000000
                 21.000000000000000
                 21.000000000000000
                 21.000000000000000
                 21.000000000000000
                 21.000000000000000
                 21.000000000000000
                 21.000000000000000
                 21.000000000000000
                 21.000000000000000
                 21.000000000000000
                 21.000000000000000
                 21.000000000000000
                 21.000000000000000
                 21.000000000000000
                 21.000000000000000
                 21.000000000000000
                 21.000000000000000
                 21.000000000000000
                 21.000000000000000
                 21.000000000000000
                 21.000000000000000
                 21.000000000000000
                 21.000000000000000
                 21.000000000000000
                 21.000000000000000
                 21.000000000000000
                 21.000000000000000
                 21.000000000000000
                 21.000000000000000
                 21.000000000000000
                 21.000000000000000
                 21.000000000000000
                 21.000000000000000
                 21.000000000000000
                 21.000000000000000
                 21.000000000000000
                 21.000000000000000
                 21.000000000000000
                 21.000000000000000
                 21.000000000000000
                 21.000000000000000
                 21.000000000000000
                 21.000000000000000
                 21.000000000000000
                 21.000000000000000
                 21.000000000000000
                 21.000000000000000
                 21.000000000000000
                 21.000000000000000
                 21.000000000000000
                 21.000000000000000
                 21.000000000000000
                 21.000000000000000
                 21.000000000000000
                 21.000000000000000
                 21.000000000000000
                 21.000000000000000
                 21.000000000000000
                 21.000000000000000
                 21.000000000000000
                 21.000000000000000
                 21.000000000000000
                 21.000000000000000
                 21.000000000000000
                 21.000000000000000
                 21.000000000000000
                 21.000000000000000
                 21.000000000000000
                 19.178720000000000
                 21.000000000000000
                 21.000000000000000
                 21.000000000000000
                 21.000000000000000
                 21.000000000000000
                 21.000000000000000
                 21.000000000000000
                 21.000000000000000
                 21.000000000000000
                 21.000000000000000
                 21.000000000000000
                 21.000000000000000
                 21.000000000000000
                 21.000000000000000
                 21.000000000000000
                 21.000000000000000
                 21.000000000000000
                 21.000000000000000
                 21.000000000000000
                 21.000000000000000
                 21.000000000000000
                 15.812580000000000
                 19.278550000000000
                 21.000000000000000
                 21.000000000000000
                 21.000000000000000
                 21.000000000000000
                 21.000000000000000
                 21.000000000000000
                 21.000000000000000
                 21.000000000000000
                 21.000000000000000
                 21.000000000000000
                 21.000000000000000
                 21.000000000000000
                 21.000000000000000
                 21.000000000000000
                 21.000000000000000
                 21.000000000000000
                 21.000000000000000
                 21.000000000000000
                 21.000000000000000
                 21.000000000000000
                 12.703670000000000
                 15.491910000000000
                 19.305460000000000
                 21.000000000000000
                 21.000000000000000
                 21.000000000000000
                 21.000000000000000
                 21.000000000000000
                 21.000000000000000
                 21.000000000000000
                 21.000000000000000
                 21.000000000000000
                 21.000000000000000
                 21.000000000000000
                 21.000000000000000
                 21.000000000000000
                 21.000000000000000
                 21.000000000000000
                 21.000000000000000
                 21.000000000000000
                 21.000000000000000
                 21.000000000000000
                  9.858784000000000
                 12.025500000000000
                 14.990650000000000
                 19.198530000000000
                 21.000000000000000
                 21.000000000000000
                 21.000000000000000
                 21.000000000000000
                 21.000000000000000
                 21.000000000000000
                 21.000000000000000
                 21.000000000000000
                 21.000000000000000
                 21.000000000000000
                 21.000000000000000
                 21.000000000000000
                 21.000000000000000
                 21.000000000000000
                 21.000000000000000
                 21.000000000000000
                 21.000000000000000
                 21.000000000000000
                  7.283258000000000
                  8.886077000000000
                 11.080770000000000
                 14.197750000000000
                 18.833370000000000
                 21.000000000000000
                 21.000000000000000
                 21.000000000000000
                 21.000000000000000
                 21.000000000000000
                 21.000000000000000
                 21.000000000000000
                 21.000000000000000
                 21.000000000000000
                 21.000000000000000
                 21.000000000000000
                 21.000000000000000
                 21.000000000000000
                 21.000000000000000
                 21.000000000000000
                 21.000000000000000
                 21.000000000000000
                  4.987536000000000
                  6.086617000000000
                  7.592421000000000
                  9.732731000000000
                 12.919550000000000
                 16.065010000000000
                 17.797310000000000
                 19.574420000000000
                 21.000000000000000
                 21.000000000000000
                 21.000000000000000
                 21.000000000000000
                 21.000000000000000
                 21.000000000000000
                 21.000000000000000
                 21.000000000000000
                 21.000000000000000
                 21.000000000000000
                 21.000000000000000
                 21.000000000000000
                 21.000000000000000
                 21.000000000000000
                  3.007139000000000
                  3.670721000000000
                  4.580401000000000
                  5.874460000000000
                  7.803245000000000
                  9.649915000000000
                 10.677490000000000
                 11.733600000000000
                 12.858840000000000
                 14.040580000000000
                 15.260970000000000
                 16.497220000000000
                 17.722450000000000
                 18.907170000000000
                 20.021320000000000
                 21.000000000000000
                 21.000000000000000
                 21.000000000000000
                 21.000000000000000
                 21.000000000000000
                 21.000000000000000
                 21.000000000000000
                  1.425183000000000
                  1.740120000000000
                  2.172117000000000
                  2.787168000000000
                  3.702957000000000
                  4.573997000000000
                  5.057634000000000
                  5.554193000000000
                  6.082732000000000
                  6.637276000000000
                  7.209438000000000
                  7.788546000000000
                  8.362048000000000
                  8.916220000000000
                  9.437076000000000
                  9.911396000000000
                 10.327700000000000
                 10.677020000000000
                 10.953390000000000
                 11.154010000000000
                 11.279130000000000
                 11.331600000000000
                   .372535600000000
                   .454976600000000
                   .568129400000000
                   .729368700000000
                   .970333300000000
                  1.207283000000000
                  1.335783000000000
                  1.466627000000000
                  1.605877000000000
                  1.751967000000000
                  1.902701000000000
                  2.055284000000000
                  2.206431000000000
                  2.352546000000000
                  2.489963000000000
                  2.615214000000000
                  2.725279000000000
                  2.817793000000000
                  2.891174000000000
                  2.944668000000000
                  2.978314000000000
                  2.992842000000000
