 eorbl(24)
                   .000016759130000
                   .000079813250000
                   .000128949300000
                   .000207232000000
                   .000330874100000
                   .000524359200000
                   .000836008200000
                   .001295530000000
                   .001981256000000
                   .002983607000000
                   .004416224000000
                   .006479708000000
                   .009214738000000
                   .012854990000000
                   .017655120000000
                   .024001960000000
                   .032597560000000
                   .045053550000000
                   .063559870000000
                   .094540290000000
                   .150631200000000
                   .248606300000000
                   .385163000000000
                   .483285500000000
                   .000000000000000
                   .000000000000000
