   n0    forbl   xmorbl  eorbl
  1      .000      .000      .000
  2      .000      .000      .000
  3      .000      .000      .001
  4      .000      .000      .001
  5      .000      .001      .001
  6      .000      .001      .002
  7      .000      .001      .002
  8      .001      .001      .003
  9      .001      .002      .004
 10      .001      .003      .005
 11      .002      .003      .007
 12      .003      .005      .009
 13      .003      .006      .011
 14      .005      .008      .015
 15      .006      .010      .019
 16      .008      .013      .024
 17      .011      .016      .030
 18      .015      .021      .038
 19      .020      .026      .051
 20      .029      .032      .073
 21      .049      .040      .118
 22      .100      .047      .214
 23      .221      .036      .366
 24      .411      .008      .484
   n0    forblC   xmorblC  eorblC
  1      .000      .000      .000
  2      .000      .000      .000
  3      .000      .000      .000
  4      .000      .000      .000
  5      .000      .000      .000
  6      .000      .000      .000
  7      .000      .000      .000
  8      .000      .000      .000
  9      .000      .000      .000
 10      .000      .000      .000
 11      .000      .000      .000
 12      .000      .000      .000
 13      .000      .000      .000
 14      .000      .000      .000
 15      .000      .000      .000
 16      .000      .000      .000
 17      .000      .000      .000
 18      .000      .000      .000
 19      .000      .000      .000
 20      .000      .000      .000
 21      .000      .000      .000
 22      .000      .000      .001
 23      .003      .005      .012
 24      .082      .036      .191
  n0   intrinD   intrinC  NBIreturn   Snbi      dFdr
  1  .120E+02  .000E+00  .482E+19  .598E+19  .930E-02
  2  .427E+02  .000E+00  .482E+19  .598E+19  .582E-02
  3  .603E+02  .000E+00  .482E+19  .598E+19  .875E-02
  4  .858E+02  .000E+00  .516E+19  .518E+19  .127E-01
  5  .121E+03  .000E+00  .516E+19  .518E+19  .176E-01
  6  .168E+03  .000E+00  .516E+19  .518E+19  .248E-01
  7  .231E+03  .000E+00  .516E+19  .518E+19  .349E-01
  8  .316E+03  .000E+00  .317E+19  .901E+19  .486E-01
  9  .429E+03  .000E+00  .317E+19  .901E+19  .674E-01
 10  .576E+03  .000E+00  .317E+19  .901E+19  .894E-01
 11  .761E+03  .000E+00  .641E+19  .240E+19  .121E+00
 12  .997E+03  .000E+00  .641E+19  .240E+19  .163E+00
 13  .130E+04  .000E+00  .641E+19  .240E+19  .217E+00
 14  .167E+04  .896E-03  .641E+19  .240E+19  .286E+00
 15  .213E+04  .187E-02  .722E+19  .566E+18  .375E+00
 16  .268E+04  .102E-01  .722E+19  .566E+18  .474E+00
 17  .331E+04  .380E-01  .722E+19  .566E+18  .622E+00
 18  .405E+04  .129E+00  .678E+19  .126E+18  .903E+00
 19  .494E+04  .407E+00  .678E+19  .126E+18  .158E+01
 20  .608E+04  .128E+01  .678E+19  .126E+18  .349E+01
 21  .748E+04  .513E+01  .678E+19  .126E+18  .904E+01
 22  .844E+04  .342E+02  .397E+19 -.296E+18  .213E+02
 23  .634E+04  .373E+03  .397E+19 -.296E+18  .335E+02
 24  .142E+04  .252E+04  .397E+19 -.296E+18  .000E+00
 n0         ffrac1    ffrac2    ffrac3         nbdep1    nbilost   nbitot
 1         .00         .00         .00      5.59      .000E+00    .111E+21
 2         .13         .13         .13     11.35      .281E+20    .224E+21
 3         .13         .13         .13      7.49      .185E+20    .148E+21
 4         .13         .13         .13      6.63      .164E+20    .131E+21
 5         .13         .13         .13      6.17      .153E+20    .122E+21
 6         .13         .13         .13      5.81      .144E+20    .115E+21
 7         .13         .13         .13      5.49      .137E+20    .109E+21
 8         .13         .13         .13      5.18      .129E+20    .103E+21
 9         .13         .13         .13      4.88      .122E+20    .976E+20
10         .00         .00         .00      4.57      .000E+00    .919E+20
11         .13         .13         .13      4.27      .108E+20    .862E+20
12         .13         .13         .13      3.34      .850E+19    .680E+20
13         .13         .13         .13      2.85      .730E+19    .584E+20
14         .13         .13         .13      2.50      .647E+19    .517E+20
15         .13         .13         .13      2.24      .583E+19    .467E+20
16         .13         .13         .13      2.03      .532E+19    .426E+20
17         .13         .13         .13      1.85      .490E+19    .392E+20
18         .13         .13         .13      1.70      .454E+19    .363E+20
19         .00         .00         .00      1.58      .000E+00    .339E+20
20         .13         .13         .13      1.46      .397E+19    .317E+20
21         .13         .13         .13      1.37      .374E+19    .299E+20
22         .13         .13         .13      1.28      .353E+19    .282E+20
23         .13         .13         .13      1.20      .335E+19    .268E+20
24         .13         .13         .13      1.14      .319E+19    .255E+20
25         .13         .13         .13      1.08      .305E+19    .244E+20
26         .13         .13         .13      1.02      .292E+19    .234E+20
27         .13         .13         .13       .97      .281E+19    .224E+20
28         .00         .00         .00       .93      .000E+00    .216E+20
29         .13         .13         .13       .89      .261E+19    .209E+20
30         .13         .13         .13       .86      .253E+19    .202E+20
31         .13         .13         .13       .82      .245E+19    .196E+20
32         .13         .13         .13       .79      .239E+19    .191E+20
33         .13         .13         .13       .77      .233E+19    .186E+20
34         .13         .13         .13       .74      .227E+19    .182E+20
35         .13         .13         .13       .72      .222E+19    .178E+20
36         .13         .13         .13       .70      .218E+19    .175E+20
37         .00         .00         .00       .68      .000E+00    .172E+20
38         .13         .13         .13       .66      .211E+19    .169E+20
39         .13         .13         .13       .65      .208E+19    .166E+20
40         .25         .13         .13       .63      .308E+19    .164E+20
41         .13         .13         .13       .62      .202E+19    .162E+20
42         .25         .13         .13       .61      .299E+19    .160E+20
43         .50         .13         .13       .60      .489E+19    .158E+20
44         .50         .13         .13       .59      .482E+19    .156E+20
45         .50         .25         .13       .58      .516E+19    .155E+20
46         .38         .13         .00       .57      .317E+19    .153E+20
47         .50         .50         .25       .56      .641E+19    .152E+20
48         .63         .50         .25       .55      .722E+19    .150E+20
49         .63         .38         .38       .51      .678E+19    .137E+20
50         .63         .50         .38       .28      .397E+19    .764E+19
