 Tion(24)
                512.000000000000000
                502.000000000000000
                491.000000000000000
                481.000000000000000
                471.000000000000000
                460.000000000000000
                449.000000000000000
                438.000000000000000
                427.000000000000000
                416.000000000000000
                404.000000000000000
                392.000000000000000
                380.000000000000000
                368.000000000000000
                356.000000000000000
                344.000000000000000
                331.000000000000000
                318.000000000000000
                306.000000000000000
                293.000000000000000
                279.000000000000000
                266.000000000000000
                253.000000000000000
                243.000000000000000
                238.000000000000000
                   .000000000000000
