 vintrin(24)
                 12.014300000000000
                 42.599690000000000
                 60.175750000000000
                 85.673800000000000
                121.133900000000000
                167.882100000000000
                231.053500000000000
                315.659900000000000
                427.887400000000000
                575.414400000000000
                759.776400000000000
                995.518300000000000
               1293.547000000000000
               1665.348000000000000
               2122.299000000000000
               2676.444000000000000
               3308.957000000000000
               4043.366000000000000
               4935.858000000000000
               6067.687000000000000
               7466.690000000000000
               8428.759000000000000
               6335.194000000000000
               1417.564000000000000
                   .000000000000000
                   .000000000000000
