 xmorblc(24)
                   .000000000000000
                   .000000000000000
                   .000000000000000
                   .000000000000000
                   .000000000000000
                   .000000000000000
                   .000000000000000
                   .000000000000000
                   .000000000000000
                   .000000000000000
                   .000000000000000
                   .000000000000000
                   .000000000000000
                   .000000010344610
                   .000000021982290
                   .000000121857000
                   .000000462551700
                   .000001602983000
                   .000005149767000
                   .000016503590000
                   .000068044490000
                   .000464868500000
                   .005194395000000
                   .035843600000000
