                   .954545400000000                   .864000000000000                   .000000000000000
                   .954545400000000                   .869666700000000                   .000000000000000
                   .954545400000000                   .875333400000000                   .000000000000000
                   .954545400000000                   .881000000000000               2223.761000000000000
                   .954545400000000                   .886666700000000               2012.747000000000000
                   .954545400000000                   .892333400000000               1811.392000000000000
                   .954545400000000                   .898000100000000               1619.970000000000000
                   .954545400000000                   .903666700000000               1438.647000000000000
                   .954545400000000                   .909333400000000               1267.489000000000000
                   .954545400000000                   .915000100000000               1106.663000000000000
                   .954545400000000                   .920666800000000                956.336200000000000
                   .954545400000000                   .926333400000000                816.673600000000000
                   .954545400000000                   .932000100000000                687.838600000000000
                   .954545400000000                   .937666800000000                569.895100000000000
                   .954545400000000                   .943333400000000                462.812300000000000
                   .954545400000000                   .949000100000000                366.658600000000000
                   .954545400000000                   .954666800000000                281.595900000000000
                   .954545400000000                   .960333500000000                207.779200000000000
                   .954545400000000                   .966000100000000                145.087200000000000
                   .954545400000000                   .971666800000000                 93.401940000000000
                   .954545400000000                   .977333500000000                 52.983810000000000
                   .954545400000000                   .983000200000000                 23.925110000000000
                   .954545400000000                   .988666800000000                  6.182137000000000
                   .954545400000000                   .994333500000000                   .004776070000000
                   .863636400000000                   .864000000000000                   .000000000000000
                   .863636400000000                   .869666700000000                   .000000000000000
                   .863636400000000                   .875333400000000                   .000000000000000
                   .863636400000000                   .881000000000000               2703.502000000000000
                   .863636400000000                   .886666700000000               2447.574000000000000
                   .863636400000000                   .892333400000000               2203.265000000000000
                   .863636400000000                   .898000100000000               1970.919000000000000
                   .863636400000000                   .903666700000000               1750.746000000000000
                   .863636400000000                   .909333400000000               1542.836000000000000
                   .863636400000000                   .915000100000000               1347.403000000000000
                   .863636400000000                   .920666800000000               1164.659000000000000
                   .863636400000000                   .926333400000000                994.815500000000000
                   .863636400000000                   .932000100000000                838.080400000000000
                   .863636400000000                   .937666800000000                694.542700000000000
                   .863636400000000                   .943333400000000                564.174200000000000
                   .863636400000000                   .949000100000000                447.068600000000000
                   .863636400000000                   .954666800000000                343.433000000000000
                   .863636400000000                   .960333500000000                253.466600000000000
                   .863636400000000                   .966000100000000                177.031200000000000
                   .863636400000000                   .971666800000000                113.993200000000000
                   .863636400000000                   .977333500000000                 64.679680000000000
                   .863636400000000                   .983000200000000                 29.213250000000000
                   .863636400000000                   .988666800000000                  7.550328000000000
                   .863636400000000                   .994333500000000                   .005834440000000
                   .772727300000000                   .864000000000000                   .000000000000000
                   .772727300000000                   .869666700000000                   .000000000000000
                   .772727300000000                   .875333400000000                   .000000000000000
                   .772727300000000                   .881000000000000               3354.950000000000000
                   .772727300000000                   .886666700000000               3038.372000000000000
                   .772727300000000                   .892333400000000               2736.009000000000000
                   .772727300000000                   .898000100000000               2448.302000000000000
                   .772727300000000                   .903666700000000               2175.527000000000000
                   .772727300000000                   .909333400000000               1917.812000000000000
                   .772727300000000                   .915000100000000               1675.438000000000000
                   .772727300000000                   .920666800000000               1448.684000000000000
                   .772727300000000                   .926333400000000               1237.830000000000000
                   .772727300000000                   .932000100000000               1043.151000000000000
                   .772727300000000                   .937666800000000                864.775100000000000
                   .772727300000000                   .943333400000000                702.683400000000000
                   .772727300000000                   .949000100000000                557.009300000000000
                   .772727300000000                   .954666800000000                428.027200000000000
                   .772727300000000                   .960333500000000                316.002400000000000
                   .772727300000000                   .966000100000000                220.779800000000000
                   .772727300000000                   .971666800000000                142.209400000000000
                   .772727300000000                   .977333500000000                 80.715430000000000
                   .772727300000000                   .983000200000000                 36.467610000000000
                   .772727300000000                   .988666800000000                  9.428276000000000
                   .772727300000000                   .994333500000000                   .007287939000000
                   .681818200000000                   .864000000000000                   .000000000000000
                   .681818200000000                   .869666700000000                   .000000000000000
                   .681818200000000                   .875333400000000                   .000000000000000
                   .681818200000000                   .881000000000000               4269.567000000000000
                   .681818200000000                   .886666700000000               3868.496000000000000
                   .681818200000000                   .892333400000000               3485.154000000000000
                   .681818200000000                   .898000100000000               3120.131000000000000
                   .681818200000000                   .903666700000000               2773.800000000000000
                   .681818200000000                   .909333400000000               2446.355000000000000
                   .681818200000000                   .915000100000000               2138.181000000000000
                   .681818200000000                   .920666800000000               1849.661000000000000
                   .681818200000000                   .926333400000000               1581.181000000000000
                   .681818200000000                   .932000100000000               1333.120000000000000
                   .681818200000000                   .937666800000000               1105.672000000000000
                   .681818200000000                   .943333400000000                898.841800000000000
                   .681818200000000                   .949000100000000                712.830300000000000
                   .681818200000000                   .954666800000000                548.017800000000000
                   .681818200000000                   .960333500000000                404.773800000000000
                   .681818200000000                   .966000100000000                282.930400000000000
                   .681818200000000                   .971666800000000                182.325200000000000
                   .681818200000000                   .977333500000000                103.531600000000000
                   .681818200000000                   .983000200000000                 46.797310000000000
                   .681818200000000                   .988666800000000                 12.104410000000000
                   .681818200000000                   .994333500000000                   .009360829000000
                   .590909100000000                   .864000000000000                   .000000000000000
                   .590909100000000                   .869666700000000                   .000000000000000
                   .590909100000000                   .875333400000000                   .000000000000000
                   .590909100000000                   .881000000000000               5607.488000000000000
                   .590909100000000                   .886666700000000               5084.185000000000000
                   .590909100000000                   .892333400000000               4583.489000000000000
                   .590909100000000                   .898000100000000               4106.220000000000000
                   .590909100000000                   .903666700000000               3652.920000000000000
                   .590909100000000                   .909333400000000               3223.891000000000000
                   .590909100000000                   .915000100000000               2819.689000000000000
                   .590909100000000                   .920666800000000               2440.872000000000000
                   .590909100000000                   .926333400000000               2087.999000000000000
                   .590909100000000                   .932000100000000               1761.627000000000000
                   .590909100000000                   .937666800000000               1462.063000000000000
                   .590909100000000                   .943333400000000               1189.374000000000000
                   .590909100000000                   .949000100000000                943.879800000000000
                   .590909100000000                   .954666800000000                726.139600000000000
                   .590909100000000                   .960333500000000                536.700400000000000
                   .590909100000000                   .966000100000000                375.398800000000000
                   .590909100000000                   .971666800000000                242.077500000000000
                   .590909100000000                   .977333500000000                137.554600000000000
                   .590909100000000                   .983000200000000                 62.218110000000000
                   .590909100000000                   .988666800000000                 16.104050000000000
                   .590909100000000                   .994333500000000                   .012462400000000
                   .500000000000000                   .864000000000000                   .000000000000000
                   .500000000000000                   .869666700000000                   .000000000000000
                   .500000000000000                   .875333400000000                   .000000000000000
                   .500000000000000                   .881000000000000               7668.038000000000000
                   .500000000000000                   .886666700000000               6959.601000000000000
                   .500000000000000                   .892333400000000               6280.701000000000000
                   .500000000000000                   .898000100000000               5632.542000000000000
                   .500000000000000                   .903666700000000               5015.960000000000000
                   .500000000000000                   .909333400000000               4431.467000000000000
                   .500000000000000                   .915000100000000               3879.922000000000000
                   .500000000000000                   .920666800000000               3362.194000000000000
                   .500000000000000                   .926333400000000               2879.154000000000000
                   .500000000000000                   .932000100000000               2431.678000000000000
                   .500000000000000                   .937666800000000               2020.303000000000000
                   .500000000000000                   .943333400000000               1645.236000000000000
                   .500000000000000                   .949000100000000               1307.034000000000000
                   .500000000000000                   .954666800000000               1006.587000000000000
                   .500000000000000                   .960333500000000                744.773300000000000
                   .500000000000000                   .966000100000000                521.490700000000000
                   .500000000000000                   .971666800000000                336.644800000000000
                   .500000000000000                   .977333500000000                191.494900000000000
                   .500000000000000                   .983000200000000                 86.709060000000000
                   .500000000000000                   .988666800000000                 22.467330000000000
                   .500000000000000                   .994333500000000                   .017405620000000
                   .409090900000000                   .864000000000000                   .000000000000000
                   .409090900000000                   .869666700000000                   .000000000000000
                   .409090900000000                   .875333400000000                   .000000000000000
                   .409090900000000                   .881000000000000              10942.050000000000000
                   .409090900000000                   .886666700000000               9954.116000000000000
                   .409090900000000                   .892333400000000               9007.081000000000000
                   .409090900000000                   .898000100000000               8102.173000000000000
                   .409090900000000                   .903666700000000               7240.342000000000000
                   .409090900000000                   .909333400000000               6422.301000000000000
                   .409090900000000                   .915000100000000               5649.029000000000000
                   .409090900000000                   .920666800000000               4906.066000000000000
                   .409090900000000                   .926333400000000               4208.521000000000000
                   .409090900000000                   .932000100000000               3560.647000000000000
                   .409090900000000                   .937666800000000               2963.478000000000000
                   .409090900000000                   .943333400000000               2417.578000000000000
                   .409090900000000                   .949000100000000               1924.027000000000000
                   .409090900000000                   .954666800000000               1484.403000000000000
                   .409090900000000                   .960333500000000               1100.281000000000000
                   .409090900000000                   .966000100000000                771.808500000000000
                   .409090900000000                   .971666800000000                499.143700000000000
                   .409090900000000                   .977333500000000                284.450500000000000
                   .409090900000000                   .983000200000000                129.037000000000000
                   .409090900000000                   .988666800000000                 33.497370000000000
                   .409090900000000                   .994333500000000                   .025999590000000
                   .318181800000000                   .864000000000000                   .000000000000000
                   .318181800000000                   .869666700000000                   .000000000000000
                   .318181800000000                   .875333400000000                   .000000000000000
                   .318181800000000                   .881000000000000              12385.050000000000000
                   .318181800000000                   .886666700000000              11259.810000000000000
                   .318181800000000                   .892333400000000              10182.340000000000000
                   .318181800000000                   .898000100000000               9153.889000000000000
                   .318181800000000                   .903666700000000               8175.421000000000000
                   .318181800000000                   .909333400000000               7247.639000000000000
                   .318181800000000                   .915000100000000               6371.524000000000000
                   .318181800000000                   .920666800000000               5548.063000000000000
                   .318181800000000                   .926333400000000               4778.248000000000000
                   .318181800000000                   .932000100000000               4063.075000000000000
                   .318181800000000                   .937666800000000               3403.274000000000000
                   .318181800000000                   .943333400000000               2799.313000000000000
                   .318181800000000                   .949000100000000               2251.939000000000000
                   .318181800000000                   .954666800000000               1762.175000000000000
                   .318181800000000                   .960333500000000               1331.046000000000000
                   .318181800000000                   .966000100000000                958.778900000000000
                   .318181800000000                   .971666800000000                645.577500000000000
                   .318181800000000                   .977333500000000                392.783800000000000
                   .318181800000000                   .983000200000000                201.274100000000000
                   .318181800000000                   .988666800000000                 55.162670000000000
                   .318181800000000                   .994333500000000                   .042974330000000
                   .227272700000000                   .864000000000000                   .000000000000000
                   .227272700000000                   .869666700000000                   .000000000000000
                   .227272700000000                   .875333400000000                   .000000000000000
                   .227272700000000                   .881000000000000              13992.590000000000000
                   .227272700000000                   .886666700000000              12713.120000000000000
                   .227272700000000                   .892333400000000              11489.340000000000000
                   .227272700000000                   .898000100000000              10322.530000000000000
                   .227272700000000                   .903666700000000               9213.617000000000000
                   .227272700000000                   .909333400000000               8163.280000000000000
                   .227272700000000                   .915000100000000               7172.479000000000000
                   .227272700000000                   .920666800000000               6242.178000000000000
                   .227272700000000                   .926333400000000               5373.352000000000000
                   .227272700000000                   .932000100000000               4566.973000000000000
                   .227272700000000                   .937666800000000               3823.727000000000000
                   .227272700000000                   .943333400000000               3144.014000000000000
                   .227272700000000                   .949000100000000               2528.535000000000000
                   .227272700000000                   .954666800000000               1978.284000000000000
                   .227272700000000                   .960333500000000               1494.261000000000000
                   .227272700000000                   .966000100000000               1076.597000000000000
                   .227272700000000                   .971666800000000                725.403600000000000
                   .227272700000000                   .977333500000000                442.011500000000000
                   .227272700000000                   .983000200000000                227.248700000000000
                   .227272700000000                   .988666800000000                 81.384430000000000
                   .227272700000000                   .994333500000000                   .084207880000000
                   .136363600000000                   .864000000000000                   .000000000000000
                   .136363600000000                   .869666700000000                   .000000000000000
                   .136363600000000                   .875333400000000                   .000000000000000
                   .136363600000000                   .881000000000000              15756.670000000000000
                   .136363600000000                   .886666700000000              14306.610000000000000
                   .136363600000000                   .892333400000000              12921.240000000000000
                   .136363600000000                   .898000100000000              11601.820000000000000
                   .136363600000000                   .903666700000000              10349.250000000000000
                   .136363600000000                   .909333400000000               9164.115000000000000
                   .136363600000000                   .915000100000000               8047.344000000000000
                   .136363600000000                   .920666800000000               6999.848000000000000
                   .136363600000000                   .926333400000000               6022.553000000000000
                   .136363600000000                   .932000100000000               5116.377000000000000
                   .136363600000000                   .937666800000000               4281.935000000000000
                   .136363600000000                   .943333400000000               3519.529000000000000
                   .136363600000000                   .949000100000000               2829.787000000000000
                   .136363600000000                   .954666800000000               2213.648000000000000
                   .136363600000000                   .960333500000000               1672.053000000000000
                   .136363600000000                   .966000100000000               1205.019000000000000
                   .136363600000000                   .971666800000000                812.531700000000000
                   .136363600000000                   .977333500000000                495.886300000000000
                   .136363600000000                   .983000200000000                255.833900000000000
                   .136363600000000                   .988666800000000                 92.514480000000000
                   .136363600000000                   .994333500000000                   .233691200000000
                   .045454550000000                   .864000000000000                   .000000000000000
                   .045454550000000                   .869666700000000                   .000000000000000
                   .045454550000000                   .875333400000000                   .000000000000000
                   .045454550000000                   .881000000000000              17657.190000000000000
                   .045454550000000                   .886666700000000              16022.020000000000000
                   .045454550000000                   .892333400000000              14461.540000000000000
                   .045454550000000                   .898000100000000              12976.970000000000000
                   .045454550000000                   .903666700000000              11569.110000000000000
                   .045454550000000                   .909333400000000              10238.480000000000000
                   .045454550000000                   .915000100000000               8985.895000000000000
                   .045454550000000                   .920666800000000               7812.201000000000000
                   .045454550000000                   .926333400000000               6718.238000000000000
                   .045454550000000                   .932000100000000               5704.845000000000000
                   .045454550000000                   .937666800000000               4772.528000000000000
                   .045454550000000                   .943333400000000               3921.470000000000000
                   .045454550000000                   .949000100000000               3152.193000000000000
                   .045454550000000                   .954666800000000               2465.552000000000000
                   .045454550000000                   .960333500000000               1862.400000000000000
                   .045454550000000                   .966000100000000               1342.608000000000000
                   .045454550000000                   .971666800000000                906.019300000000000
                   .045454550000000                   .977333500000000                553.858000000000000
                   .045454550000000                   .983000200000000                286.771900000000000
                   .045454550000000                   .988666800000000                104.745200000000000
                   .045454550000000                   .994333500000000                  2.078908000000000
                  -.045454550000000                   .864000000000000                   .000000000000000
                  -.045454550000000                   .869666700000000                   .000000000000000
                  -.045454550000000                   .875333400000000                   .000000000000000
                  -.045454550000000                   .881000000000000              19660.480000000000000
                  -.045454550000000                   .886666700000000              17828.970000000000000
                  -.045454550000000                   .892333400000000              16082.990000000000000
                  -.045454550000000                   .898000100000000              14423.660000000000000
                  -.045454550000000                   .903666700000000              12851.680000000000000
                  -.045454550000000                   .909333400000000              11367.420000000000000
                  -.045454550000000                   .915000100000000               9971.611000000000000
                  -.045454550000000                   .920666800000000               8664.970000000000000
                  -.045454550000000                   .926333400000000               7448.227000000000000
                  -.045454550000000                   .932000100000000               6322.104000000000000
                  -.045454550000000                   .937666800000000               5286.978000000000000
                  -.045454550000000                   .943333400000000               4342.884000000000000
                  -.045454550000000                   .949000100000000               3490.208000000000000
                  -.045454550000000                   .954666800000000               2729.695000000000000
                  -.045454550000000                   .960333500000000               2062.081000000000000
                  -.045454550000000                   .966000100000000               1487.070000000000000
                  -.045454550000000                   .971666800000000               1004.337000000000000
                  -.045454550000000                   .977333500000000                615.009300000000000
                  -.045454550000000                   .983000200000000                319.603500000000000
                  -.045454550000000                   .988666800000000                117.926700000000000
                  -.045454550000000                   .994333500000000                 10.980130000000000
                  -.136363600000000                   .864000000000000                   .000000000000000
                  -.136363600000000                   .869666700000000                   .000000000000000
                  -.136363600000000                   .875333400000000                   .000000000000000
                  -.136363600000000                   .881000000000000              21719.510000000000000
                  -.136363600000000                   .886666700000000              19685.200000000000000
                  -.136363600000000                   .892333400000000              17747.790000000000000
                  -.136363600000000                   .898000100000000              15908.290000000000000
                  -.136363600000000                   .903666700000000              14167.270000000000000
                  -.136363600000000                   .909333400000000              12524.940000000000000
                  -.136363600000000                   .915000100000000              10981.880000000000000
                  -.136363600000000                   .920666800000000               9538.673000000000000
                  -.136363600000000                   .926333400000000               8195.914000000000000
                  -.136363600000000                   .932000100000000               6954.184000000000000
                  -.136363600000000                   .937666800000000               5813.701000000000000
                  -.136363600000000                   .943333400000000               4774.332000000000000
                  -.136363600000000                   .949000100000000               3836.312000000000000
                  -.136363600000000                   .954666800000000               3000.242000000000000
                  -.136363600000000                   .960333500000000               2266.722000000000000
                  -.136363600000000                   .966000100000000               1635.272000000000000
                  -.136363600000000                   .971666800000000               1105.383000000000000
                  -.136363600000000                   .977333500000000                678.058400000000000
                  -.136363600000000                   .983000200000000                353.665100000000000
                  -.136363600000000                   .988666800000000                131.817100000000000
                  -.136363600000000                   .994333500000000                 13.258540000000000
                  -.227272700000000                   .864000000000000                   .000000000000000
                  -.227272700000000                   .869666700000000                   .000000000000000
                  -.227272700000000                   .875333400000000                   .000000000000000
                  -.227272700000000                   .881000000000000              23776.350000000000000
                  -.227272700000000                   .886666700000000              21538.730000000000000
                  -.227272700000000                   .892333400000000              19409.560000000000000
                  -.227272700000000                   .898000100000000              17389.730000000000000
                  -.227272700000000                   .903666700000000              15479.620000000000000
                  -.227272700000000                   .909333400000000              13679.280000000000000
                  -.227272700000000                   .915000100000000              11989.130000000000000
                  -.227272700000000                   .920666800000000              10409.610000000000000
                  -.227272700000000                   .926333400000000               8941.127000000000000
                  -.227272700000000                   .932000100000000               7584.127000000000000
                  -.227272700000000                   .937666800000000               6338.649000000000000
                  -.227272700000000                   .943333400000000               5204.380000000000000
                  -.227272700000000                   .949000100000000               4181.387000000000000
                  -.227272700000000                   .954666800000000               3270.114000000000000
                  -.227272700000000                   .960333500000000               2471.007000000000000
                  -.227272700000000                   .966000100000000               1783.395000000000000
                  -.227272700000000                   .971666800000000               1206.578000000000000
                  -.227272700000000                   .977333500000000                741.416600000000000
                  -.227272700000000                   .983000200000000                388.114800000000000
                  -.227272700000000                   .988666800000000                146.088500000000000
                  -.227272700000000                   .994333500000000                 15.824150000000000
                  -.318181800000000                   .864000000000000                   .000000000000000
                  -.318181800000000                   .869666700000000                   .000000000000000
                  -.318181800000000                   .875333400000000                   .000000000000000
                  -.318181800000000                   .881000000000000              25766.660000000000000
                  -.318181800000000                   .886666700000000              23331.910000000000000
                  -.318181800000000                   .892333400000000              21016.930000000000000
                  -.318181800000000                   .898000100000000              18822.430000000000000
                  -.318181800000000                   .903666700000000              16748.620000000000000
                  -.318181800000000                   .909333400000000              14795.380000000000000
                  -.318181800000000                   .915000100000000              12962.960000000000000
                  -.318181800000000                   .920666800000000              11251.620000000000000
                  -.318181800000000                   .926333400000000               9661.632000000000000
                  -.318181800000000                   .932000100000000               8193.248000000000000
                  -.318181800000000                   .937666800000000               6846.344000000000000
                  -.318181800000000                   .943333400000000               5620.423000000000000
                  -.318181800000000                   .949000100000000               4515.381000000000000
                  -.318181800000000                   .954666800000000               3531.500000000000000
                  -.318181800000000                   .960333500000000               2669.059000000000000
                  -.318181800000000                   .966000100000000               1927.204000000000000
                  -.318181800000000                   .971666800000000               1305.047000000000000
                  -.318181800000000                   .977333500000000                803.297200000000000
                  -.318181800000000                   .983000200000000                421.989500000000000
                  -.318181800000000                   .988666800000000                160.347800000000000
                  -.318181800000000                   .994333500000000                 18.616170000000000
                  -.409090900000000                   .864000000000000                   .000000000000000
                  -.409090900000000                   .869666700000000                   .000000000000000
                  -.409090900000000                   .875333400000000                   .000000000000000
                  -.409090900000000                   .881000000000000              27625.600000000000000
                  -.409090900000000                   .886666700000000              25006.710000000000000
                  -.409090900000000                   .892333400000000              22518.190000000000000
                  -.409090900000000                   .898000100000000              20160.580000000000000
                  -.409090900000000                   .903666700000000              17933.950000000000000
                  -.409090900000000                   .909333400000000              15837.980000000000000
                  -.409090900000000                   .915000100000000              13872.790000000000000
                  -.409090900000000                   .920666800000000              12038.450000000000000
                  -.409090900000000                   .926333400000000              10335.080000000000000
                  -.409090900000000                   .932000100000000               8762.767000000000000
                  -.409090900000000                   .937666800000000               7321.224000000000000
                  -.409090900000000                   .943333400000000               6009.783000000000000
                  -.409090900000000                   .949000100000000               4828.175000000000000
                  -.409090900000000                   .954666800000000               3776.519000000000000
                  -.409090900000000                   .960333500000000               2854.940000000000000
                  -.409090900000000                   .966000100000000               2062.408000000000000
                  -.409090900000000                   .971666800000000               1397.865000000000000
                  -.409090900000000                   .977333500000000                861.865300000000000
                  -.409090900000000                   .983000200000000                454.284600000000000
                  -.409090900000000                   .988666800000000                174.168700000000000
                  -.409090900000000                   .994333500000000                 21.547350000000000
                  -.500000000000000                   .864000000000000                   .000000000000000
                  -.500000000000000                   .869666700000000                   .000000000000000
                  -.500000000000000                   .875333400000000                   .000000000000000
                  -.500000000000000                   .881000000000000              29294.120000000000000
                  -.500000000000000                   .886666700000000              26510.250000000000000
                  -.500000000000000                   .892333400000000              23866.210000000000000
                  -.500000000000000                   .898000100000000              21362.440000000000000
                  -.500000000000000                   .903666700000000              18998.830000000000000
                  -.500000000000000                   .909333400000000              16774.950000000000000
                  -.500000000000000                   .915000100000000              14690.720000000000000
                  -.500000000000000                   .920666800000000              12746.110000000000000
                  -.500000000000000                   .926333400000000              10941.050000000000000
                  -.500000000000000                   .932000100000000               9275.515000000000000
                  -.500000000000000                   .937666800000000               7749.049000000000000
                  -.500000000000000                   .943333400000000               6360.842000000000000
                  -.500000000000000                   .949000100000000               5110.478000000000000
                  -.500000000000000                   .954666800000000               3997.929000000000000
                  -.500000000000000                   .960333500000000               3023.174000000000000
                  -.500000000000000                   .966000100000000               2185.035000000000000
                  -.500000000000000                   .971666800000000               1482.307000000000000
                  -.500000000000000                   .977333500000000                915.399200000000000
                  -.500000000000000                   .983000200000000                484.042800000000000
                  -.500000000000000                   .988666800000000                187.130700000000000
                  -.500000000000000                   .994333500000000                 24.513820000000000
                  -.590909100000000                   .864000000000000                   .000000000000000
                  -.590909100000000                   .869666700000000                   .000000000000000
                  -.590909100000000                   .875333400000000                   .000000000000000
                  -.590909100000000                   .881000000000000              30724.280000000000000
                  -.590909100000000                   .886666700000000              27799.530000000000000
                  -.590909100000000                   .892333400000000              25022.670000000000000
                  -.590909100000000                   .898000100000000              22394.010000000000000
                  -.590909100000000                   .903666700000000              19913.320000000000000
                  -.590909100000000                   .909333400000000              17580.040000000000000
                  -.590909100000000                   .915000100000000              15393.980000000000000
                  -.590909100000000                   .920666800000000              13354.970000000000000
                  -.590909100000000                   .926333400000000              11462.840000000000000
                  -.590909100000000                   .932000100000000               9717.407000000000000
                  -.590909100000000                   .937666800000000               8118.118000000000000
                  -.590909100000000                   .943333400000000               6664.038000000000000
                  -.590909100000000                   .949000100000000               5354.625000000000000
                  -.590909100000000                   .954666800000000               4189.732000000000000
                  -.590909100000000                   .960333500000000               3169.212000000000000
                  -.590909100000000                   .966000100000000               2291.770000000000000
                  -.590909100000000                   .971666800000000               1556.083000000000000
                  -.590909100000000                   .977333500000000                962.436400000000000
                  -.590909100000000                   .983000200000000                510.437000000000000
                  -.590909100000000                   .988666800000000                198.856800000000000
                  -.590909100000000                   .994333500000000                 27.407460000000000
                  -.681818200000000                   .864000000000000                   .000000000000000
                  -.681818200000000                   .869666700000000                   .000000000000000
                  -.681818200000000                   .875333400000000                   .000000000000000
                  -.681818200000000                   .881000000000000              31882.720000000000000
                  -.681818200000000                   .886666700000000              28844.620000000000000
                  -.681818200000000                   .892333400000000              25960.830000000000000
                  -.681818200000000                   .898000100000000              23231.540000000000000
                  -.681818200000000                   .903666700000000              20656.430000000000000
                  -.681818200000000                   .909333400000000              18234.860000000000000
                  -.681818200000000                   .915000100000000              15966.540000000000000
                  -.681818200000000                   .920666800000000              13851.220000000000000
                  -.681818200000000                   .926333400000000              11888.610000000000000
                  -.681818200000000                   .932000100000000              10078.460000000000000
                  -.681818200000000                   .937666800000000               8420.108000000000000
                  -.681818200000000                   .943333400000000               6912.538000000000000
                  -.681818200000000                   .949000100000000               5555.119000000000000
                  -.681818200000000                   .954666800000000               4347.606000000000000
                  -.681818200000000                   .960333500000000               3289.754000000000000
                  -.681818200000000                   .966000100000000               2380.188000000000000
                  -.681818200000000                   .971666800000000               1617.504000000000000
                  -.681818200000000                   .977333500000000               1001.881000000000000
                  -.681818200000000                   .983000200000000                532.832200000000000
                  -.681818200000000                   .988666800000000                209.044000000000000
                  -.681818200000000                   .994333500000000                 30.127890000000000
                  -.772727300000000                   .864000000000000                   .000000000000000
                  -.772727300000000                   .869666700000000                   .000000000000000
                  -.772727300000000                   .875333400000000                   .000000000000000
                  -.772727300000000                   .881000000000000              32752.130000000000000
                  -.772727300000000                   .886666700000000              29629.910000000000000
                  -.772727300000000                   .892333400000000              26666.650000000000000
                  -.772727300000000                   .898000100000000              23862.480000000000000
                  -.772727300000000                   .903666700000000              21217.020000000000000
                  -.772727300000000                   .909333400000000              18729.580000000000000
                  -.772727300000000                   .915000100000000              16399.810000000000000
                  -.772727300000000                   .920666800000000              14227.380000000000000
                  -.772727300000000                   .926333400000000              12211.950000000000000
                  -.772727300000000                   .932000100000000              10353.200000000000000
                  -.772727300000000                   .937666800000000               8650.423000000000000
                  -.772727300000000                   .943333400000000               7102.541000000000000
                  -.772727300000000                   .949000100000000               5708.869000000000000
                  -.772727300000000                   .954666800000000               4469.092000000000000
                  -.772727300000000                   .960333500000000               3382.902000000000000
                  -.772727300000000                   .966000100000000               2448.872000000000000
                  -.772727300000000                   .971666800000000               1665.557000000000000
                  -.772727300000000                   .977333500000000               1033.057000000000000
                  -.772727300000000                   .983000200000000                550.819900000000000
                  -.772727300000000                   .988666800000000                217.481800000000000
                  -.772727300000000                   .994333500000000                 32.591560000000000
                  -.863636400000000                   .864000000000000                   .000000000000000
                  -.863636400000000                   .869666700000000                   .000000000000000
                  -.863636400000000                   .875333400000000                   .000000000000000
                  -.863636400000000                   .881000000000000              33330.470000000000000
                  -.863636400000000                   .886666700000000              30153.430000000000000
                  -.863636400000000                   .892333400000000              27138.280000000000000
                  -.863636400000000                   .898000100000000              24285.080000000000000
                  -.863636400000000                   .903666700000000              21593.450000000000000
                  -.863636400000000                   .909333400000000              19062.660000000000000
                  -.863636400000000                   .915000100000000              16692.340000000000000
                  -.863636400000000                   .920666800000000              14482.120000000000000
                  -.863636400000000                   .926333400000000              12431.650000000000000
                  -.863636400000000                   .932000100000000              10540.550000000000000
                  -.863636400000000                   .937666800000000               8808.097000000000000
                  -.863636400000000                   .943333400000000               7233.197000000000000
                  -.863636400000000                   .949000100000000               5815.136000000000000
                  -.863636400000000                   .954666800000000               4553.563000000000000
                  -.863636400000000                   .960333500000000               3448.128000000000000
                  -.863636400000000                   .966000100000000               2497.395000000000000
                  -.863636400000000                   .971666800000000               1699.907000000000000
                  -.863636400000000                   .977333500000000               1055.712000000000000
                  -.863636400000000                   .983000200000000                564.222700000000000
                  -.863636400000000                   .988666800000000                224.057500000000000
                  -.863636400000000                   .994333500000000                 34.737050000000000
                  -.954545400000000                   .864000000000000                   .000000000000000
                  -.954545400000000                   .869666700000000                   .000000000000000
                  -.954545400000000                   .875333400000000                   .000000000000000
                  -.954545400000000                   .881000000000000              33628.800000000000000
                  -.954545400000000                   .886666700000000              30424.980000000000000
                  -.954545400000000                   .892333400000000              27384.300000000000000
                  -.954545400000000                   .898000100000000              24506.840000000000000
                  -.954545400000000                   .903666700000000              21792.220000000000000
                  -.954545400000000                   .909333400000000              19239.700000000000000
                  -.954545400000000                   .915000100000000              16848.910000000000000
                  -.954545400000000                   .920666800000000              14619.490000000000000
                  -.954545400000000                   .926333400000000              12551.060000000000000
                  -.954545400000000                   .932000100000000              10643.250000000000000
                  -.954545400000000                   .937666800000000               8895.341000000000000
                  -.954545400000000                   .943333400000000               7306.246000000000000
                  -.954545400000000                   .949000100000000               5875.256000000000000
                  -.954545400000000                   .954666800000000               4602.004000000000000
                  -.954545400000000                   .960333500000000               3486.129000000000000
                  -.954545400000000                   .966000100000000               2526.216000000000000
                  -.954545400000000                   .971666800000000               1720.825000000000000
                  -.954545400000000                   .977333500000000               1069.977000000000000
                  -.954545400000000                   .983000200000000                573.074600000000000
                  -.954545400000000                   .988666800000000                228.751400000000000
                  -.954545400000000                   .994333500000000                 36.526650000000000
