 forbl(24)
                   .000868876100000
                   .002196402000000
                   .002916306000000
                   .003875589000000
                   .005078652000000
                   .006658119000000
                   .008720477000000
                   .011272420000000
                   .014554860000000
                   .018816180000000
                   .023974190000000
                   .030521740000000
                   .038945150000000
                   .049309870000000
                   .062822270000000
                   .081086290000000
                   .105788000000000
                   .140950100000000
                   .190609200000000
                   .258151300000000
                   .340584800000000
                   .421465600000000
                   .478868700000000
                   .499565100000000
                   .000000000000000
                   .000000000000000
