     2913.599000
    17481.600000
     2674.407000
    16046.440000
     2444.370000
    14666.220000
     2223.761000
    13342.560000
     2012.747000
    12076.480000
     1811.392000
    10868.350000
     1619.970000
     9719.822000
     1438.647000
     8631.883000
     1267.489000
     7604.935000
     1106.663000
     6639.979000
      956.336200
     5738.017000
      816.673600
     4900.042000
      687.838600
     4127.032000
      569.895100
     3419.371000
      462.812300
     2776.874000
      366.658600
     2199.952000
      281.595900
     1689.575000
      207.779200
     1246.675000
      145.087200
      870.523100
       93.401940
      560.411600
       52.983810
      317.902900
       23.925110
      143.550700
        6.182137
       37.092820
    4.776070E-03
    2.865642E-02
