   n0    forbl   xmorbl  eorbl
  1      .000      .000      .000
  2      .000      .000      .000
  3      .000      .000      .000
  4      .000      .000      .000
  5      .000      .000      .000
  6      .000      .000      .001
  7      .000      .000      .001
  8      .000      .001      .001
  9      .000      .001      .002
 10      .001      .001      .003
 11      .001      .002      .004
 12      .002      .003      .006
 13      .003      .005      .009
 14      .004      .007      .013
 15      .006      .010      .018
 16      .009      .013      .024
 17      .012      .018      .033
 18      .018      .024      .045
 19      .027      .032      .064
 20      .041      .041      .095
 21      .067      .049      .151
 22      .125      .050      .249
 23      .243      .034      .385
 24      .410      .008      .483
   n0    forblC   xmorblC  eorblC
  1      .000      .000      .000
  2      .000      .000      .000
  3      .000      .000      .000
  4      .000      .000      .000
  5      .000      .000      .000
  6      .000      .000      .000
  7      .000      .000      .000
  8      .000      .000      .000
  9      .000      .000      .000
 10      .000      .000      .000
 11      .000      .000      .000
 12      .000      .000      .000
 13      .000      .000      .000
 14      .000      .000      .000
 15      .000      .000      .000
 16      .000      .000      .000
 17      .000      .000      .000
 18      .000      .000      .000
 19      .000      .000      .000
 20      .000      .000      .000
 21      .000      .000      .001
 22      .001      .001      .003
 23      .005      .008      .018
 24      .079      .034      .186
  n0   intrinD   intrinC  NBIreturn   Snbi      dFdr
  1  .136E+01  .000E+00  .430E+19  .523E+19  .166E-02
  2  .686E+01  .000E+00  .430E+19  .523E+19  .142E-02
  3  .112E+02  .000E+00  .430E+19  .523E+19  .240E-02
  4  .183E+02  .000E+00  .454E+19  .446E+19  .402E-02
  5  .298E+02  .000E+00  .454E+19  .446E+19  .671E-02
  6  .480E+02  .000E+00  .454E+19  .446E+19  .116E-01
  7  .781E+02  .000E+00  .454E+19  .446E+19  .183E-01
  8  .123E+03  .000E+00  .278E+19  .772E+19  .293E-01
  9  .192E+03  .000E+00  .278E+19  .772E+19  .463E-01
 10  .295E+03  .000E+00  .278E+19  .772E+19  .715E-01
 11  .445E+03  .000E+00  .550E+19  .201E+19  .112E+00
 12  .667E+03  .000E+00  .550E+19  .201E+19  .161E+00
 13  .965E+03  .000E+00  .550E+19  .201E+19  .233E+00
 14  .137E+04  .000E+00  .550E+19  .201E+19  .332E+00
 15  .190E+04  .168E-02  .716E+19 -.155E+19  .472E+00
 16  .260E+04  .105E-01  .716E+19 -.155E+19  .674E+00
 17  .350E+04  .652E-01  .716E+19 -.155E+19  .100E+01
 18  .469E+04  .376E+00  .627E+19  .830E+17  .148E+01
 19  .611E+04  .177E+01  .627E+19  .830E+17  .246E+01
 20  .770E+04  .709E+01  .627E+19  .830E+17  .473E+01
 21  .906E+04  .256E+02  .627E+19  .830E+17  .101E+02
 22  .906E+04  .994E+02  .621E+19 -.545E+18  .208E+02
 23  .607E+04  .572E+03  .621E+19 -.545E+18  .293E+02
 24  .141E+04  .241E+04  .621E+19 -.545E+18  .000E+00
 n0         ffrac1    ffrac2    ffrac3         nbdep1    nbilost   nbitot
 1         .00         .00         .00      4.93      .000E+00    .976E+20
 2         .13         .13         .13      9.93      .246E+20    .196E+21
 3         .13         .13         .13      6.54      .162E+20    .130E+21
 4         .13         .13         .13      5.78      .143E+20    .114E+21
 5         .13         .13         .13      5.36      .133E+20    .106E+21
 6         .13         .13         .13      5.03      .125E+20    .100E+21
 7         .13         .13         .13      4.73      .118E+20    .943E+20
 8         .13         .13         .13      4.45      .111E+20    .888E+20
 9         .13         .13         .13      4.16      .104E+20    .835E+20
10         .00         .00         .00      3.89      .000E+00    .782E+20
11         .13         .13         .13      3.62      .913E+19    .731E+20
12         .13         .13         .13      3.35      .851E+19    .681E+20
13         .13         .13         .13      3.10      .790E+19    .632E+20
14         .13         .13         .13      2.86      .733E+19    .586E+20
15         .13         .13         .13      2.63      .679E+19    .543E+20
16         .13         .13         .13      2.39      .620E+19    .496E+20
17         .13         .13         .13      2.06      .538E+19    .431E+20
18         .13         .13         .13      1.86      .489E+19    .391E+20
19         .00         .00         .00      1.70      .000E+00    .360E+20
20         .13         .13         .13      1.56      .418E+19    .334E+20
21         .13         .13         .13      1.45      .391E+19    .312E+20
22         .13         .13         .13      1.35      .367E+19    .294E+20
23         .13         .13         .13      1.27      .346E+19    .277E+20
24         .13         .13         .13      1.19      .328E+19    .262E+20
25         .13         .13         .13      1.12      .312E+19    .249E+20
26         .13         .13         .13      1.06      .297E+19    .238E+20
27         .13         .13         .13      1.01      .284E+19    .227E+20
28         .00         .00         .00       .96      .000E+00    .218E+20
29         .13         .13         .13       .91      .262E+19    .209E+20
30         .13         .13         .13       .87      .252E+19    .202E+20
31         .13         .13         .13       .84      .243E+19    .194E+20
32         .13         .13         .13       .80      .235E+19    .188E+20
33         .13         .13         .13       .77      .228E+19    .182E+20
34         .13         .13         .13       .74      .221E+19    .177E+20
35         .13         .13         .13       .72      .214E+19    .172E+20
36         .13         .13         .13       .69      .209E+19    .167E+20
37         .00         .00         .00       .67      .000E+00    .163E+20
38         .13         .13         .13       .65      .198E+19    .159E+20
39         .25         .13         .13       .63      .293E+19    .155E+20
40         .25         .13         .13       .61      .286E+19    .151E+20
41         .25         .13         .13       .59      .278E+19    .148E+20
42         .38         .13         .13       .57      .363E+19    .145E+20
43         .50         .13         .13       .55      .442E+19    .141E+20
44         .50         .13         .13       .54      .430E+19    .138E+20
45         .50         .25         .13       .52      .454E+19    .135E+20
46         .38         .13         .00       .51      .278E+19    .133E+20
47         .50         .50         .25       .50      .550E+19    .130E+20
48         .63         .50         .50       .49      .716E+19    .128E+20
49         .63         .38         .38       .48      .627E+19    .126E+20
50         .63         .50         .38       .46      .621E+19    .119E+20
