 vintrin(24)
                  1.355388000000000
                  6.846768000000000
                 11.224190000000000
                 18.315930000000000
                 29.726380000000000
                 47.923670000000000
                 77.967040000000000
                123.076700000000000
                191.829300000000000
                294.487700000000000
                444.330000000000000
                665.744000000000000
                963.524000000000000
               1365.221000000000000
               1897.674000000000000
               2594.025000000000000
               3495.909000000000000
               4685.527000000000000
               6100.884000000000000
               7685.929000000000000
               9051.490000000000000
               9044.619000000000000
               6064.101000000000000
               1403.526000000000000
                   .000000000000000
                   .000000000000000
