 ephi(??)
                 72.310880000000000
                 37.030880000000000
                  3.308088000000000
                -28.699050000000000
                -58.979810000000000
                -87.537150000000000
               -114.535800000000000
               -140.021200000000000
               -163.923800000000000
               -186.345200000000000
               -207.408700000000000
               -227.352900000000000
               -246.064100000000000
               -262.459100000000000
               -274.588600000000000
               -280.796000000000000
               -280.407200000000000
               -273.883100000000000
               -261.627500000000000
               -242.309800000000000
               -211.705500000000000
               -163.049800000000000
                -95.720800000000000
                -23.201570000000000
                 34.165660000000000
                   .000000000000000
