 forblC(24)
                   .000000000000000
                   .000000000000000
                   .000000000000000
                   .000000000000000
                   .000000000000000
                   .000000000000000
                   .000000000000000
                   .000000000000000
                   .000000000000000
                   .000000000000000
                   .000000000000000
                   .000000000000000
                   .000000000000000
                   .000000000000000
                   .000000009171360
                   .000000042799680
                   .000000276669400
                   .000001650845000
                   .000008399437000
                   .000036977400000
                   .000148089900000
                   .000658380200000
                   .005128201000000
                   .078692060000000
