 vintrinC(24)
                   .000000000000000
                   .000000000000000
                   .000000000000000
                   .000000000000000
                   .000000000000000
                   .000000000000000
                   .000000000000000
                   .000000000000000
                   .000000000000000
                   .000000000000000
                   .000000000000000
                   .000000000000000
                   .000000000000000
                   .000000000000000
                   .001674922000000
                   .010494340000000
                   .065143000000000
                   .375478600000000
                  1.763595000000000
                  7.079053000000000
                 25.584730000000000
                 99.305250000000000
                571.318500000000000
               2403.431000000000000
