   n0    forbl   xmorbl  eorbl
  1      .000      .000      .000
  2      .000      .000      .000
  3      .000      .000      .001
  4      .000      .000      .001
  5      .000      .001      .001
  6      .000      .001      .002
  7      .000      .001      .002
  8      .001      .001      .003
  9      .001      .002      .004
 10      .001      .003      .005
 11      .002      .003      .007
 12      .003      .005      .009
 13      .003      .006      .011
 14      .005      .008      .015
 15      .006      .010      .019
 16      .008      .013      .024
 17      .011      .016      .030
 18      .015      .021      .038
 19      .020      .026      .051
 20      .029      .032      .073
 21      .049      .040      .118
 22      .100      .047      .214
 23      .221      .036      .366
 24      .411      .008      .484
   n0    forblC   xmorblC  eorblC
  1      .000      .000      .000
  2      .000      .000      .000
  3      .000      .000      .000
  4      .000      .000      .000
  5      .000      .000      .000
  6      .000      .000      .000
  7      .000      .000      .000
  8      .000      .000      .000
  9      .000      .000      .000
 10      .000      .000      .000
 11      .000      .000      .000
 12      .000      .000      .000
 13      .000      .000      .000
 14      .000      .000      .000
 15      .000      .000      .000
 16      .000      .000      .000
 17      .000      .000      .000
 18      .000      .000      .000
 19      .000      .000      .000
 20      .000      .000      .000
 21      .000      .000      .000
 22      .000      .000      .001
 23      .003      .005      .012
 24      .082      .036      .191
  n0   intrinD   intrinC  NBIreturn   Snbi      dFdr
  1  .120E+02  .000E+00  .000E+00  .000E+00  .930E-02
  2  .427E+02  .000E+00  .000E+00  .000E+00  .582E-02
  3  .603E+02  .000E+00  .000E+00  .000E+00  .875E-02
  4  .858E+02  .000E+00  .000E+00  .000E+00  .127E-01
  5  .121E+03  .000E+00  .000E+00  .000E+00  .176E-01
  6  .168E+03  .000E+00  .000E+00  .000E+00  .248E-01
  7  .231E+03  .000E+00  .000E+00  .000E+00  .349E-01
  8  .316E+03  .000E+00  .000E+00  .000E+00  .486E-01
  9  .429E+03  .000E+00  .000E+00  .000E+00  .674E-01
 10  .576E+03  .000E+00  .000E+00  .000E+00  .894E-01
 11  .761E+03  .000E+00  .000E+00  .000E+00  .121E+00
 12  .997E+03  .000E+00  .000E+00  .000E+00  .163E+00
 13  .130E+04  .000E+00  .000E+00  .000E+00  .217E+00
 14  .167E+04  .896E-03  .000E+00  .000E+00  .286E+00
 15  .213E+04  .187E-02  .000E+00  .000E+00  .375E+00
 16  .268E+04  .102E-01  .000E+00  .000E+00  .474E+00
 17  .331E+04  .380E-01  .000E+00  .000E+00  .622E+00
 18  .405E+04  .129E+00  .000E+00  .000E+00  .903E+00
 19  .494E+04  .407E+00  .000E+00  .000E+00  .158E+01
 20  .608E+04  .128E+01  .000E+00  .000E+00  .349E+01
 21  .748E+04  .513E+01  .000E+00  .000E+00  .904E+01
 22  .844E+04  .342E+02  .000E+00  .000E+00  .213E+02
 23  .634E+04  .373E+03  .000E+00  .000E+00  .335E+02
 24  .142E+04  .252E+04  .000E+00  .000E+00  .000E+00
 n0         ffrac1    ffrac2    ffrac3         nbdep1    nbilost   nbitot
 1         .00         .00         .00       .00      .000E+00    .000E+00
 2         .00         .00         .00       .00      .000E+00    .000E+00
 3         .00         .00         .00       .00      .000E+00    .000E+00
 4         .00         .00         .00       .00      .000E+00    .000E+00
 5         .00         .00         .00       .00      .000E+00    .000E+00
 6         .00         .00         .00       .00      .000E+00    .000E+00
 7         .00         .00         .00       .00      .000E+00    .000E+00
 8         .00         .00         .00       .00      .000E+00    .000E+00
 9         .00         .00         .00       .00      .000E+00    .000E+00
10         .00         .00         .00       .00      .000E+00    .000E+00
11         .00         .00         .00       .00      .000E+00    .000E+00
12         .00         .00         .00       .00      .000E+00    .000E+00
13         .00         .00         .00       .00      .000E+00    .000E+00
14         .00         .00         .00       .00      .000E+00    .000E+00
15         .00         .00         .00       .00      .000E+00    .000E+00
16         .00         .00         .00       .00      .000E+00    .000E+00
17         .00         .00         .00       .00      .000E+00    .000E+00
18         .00         .00         .00       .00      .000E+00    .000E+00
19         .00         .00         .00       .00      .000E+00    .000E+00
20         .00         .00         .00       .00      .000E+00    .000E+00
21         .00         .00         .00       .00      .000E+00    .000E+00
22         .00         .00         .00       .00      .000E+00    .000E+00
23         .00         .00         .00       .00      .000E+00    .000E+00
24         .00         .00         .00       .00      .000E+00    .000E+00
25         .00         .00         .00       .00      .000E+00    .000E+00
26         .00         .00         .00       .00      .000E+00    .000E+00
27         .00         .00         .00       .00      .000E+00    .000E+00
28         .00         .00         .00       .00      .000E+00    .000E+00
29         .00         .00         .00       .00      .000E+00    .000E+00
30         .00         .00         .00       .00      .000E+00    .000E+00
31         .00         .00         .00       .00      .000E+00    .000E+00
32         .00         .00         .00       .00      .000E+00    .000E+00
33         .00         .00         .00       .00      .000E+00    .000E+00
34         .00         .00         .00       .00      .000E+00    .000E+00
35         .00         .00         .00       .00      .000E+00    .000E+00
36         .00         .00         .00       .00      .000E+00    .000E+00
37         .00         .00         .00       .00      .000E+00    .000E+00
38         .00         .00         .00       .00      .000E+00    .000E+00
39         .00         .00         .00       .00      .000E+00    .000E+00
40         .00         .00         .00       .00      .000E+00    .000E+00
41         .00         .00         .00       .00      .000E+00    .000E+00
42         .00         .00         .00       .00      .000E+00    .000E+00
43         .00         .00         .00       .00      .000E+00    .000E+00
44         .00         .00         .00       .00      .000E+00    .000E+00
45         .00         .00         .00       .00      .000E+00    .000E+00
46         .00         .00         .00       .00      .000E+00    .000E+00
47         .00         .00         .00       .00      .000E+00    .000E+00
48         .00         .00         .00       .00      .000E+00    .000E+00
49         .00         .00         .00       .00      .000E+00    .000E+00
50         .00         .00         .00       .00      .000E+00    .000E+00
