 forbl(24)
                   .000018442080000
                   .000071351650000
                   .000104440400000
                   .000154219500000
                   .000226401100000
                   .000326246700000
                   .000467494800000
                   .000665914200000
                   .000942563600000
                   .001325673000000
                   .001834354000000
                   .002523616000000
                   .003450107000000
                   .004684072000000
                   .006311571000000
                   .008445835000000
                   .011142420000000
                   .014681350000000
                   .019817930000000
                   .028794020000000
                   .048624280000000
                   .100023100000000
                   .221126700000000
                   .411372700000000
                   .000000000000000
                   .000000000000000
