 eorbl(24)
                   .000121296300000
                   .000409619400000
                   .000574021100000
                   .000809278700000
                   .001132861000000
                   .001557048000000
                   .002125220000000
                   .002879554000000
                   .003871624000000
                   .005165145000000
                   .006780949000000
                   .008839685000000
                   .011440460000000
                   .014699060000000
                   .018760370000000
                   .023860250000000
                   .030152150000000
                   .038463720000000
                   .050910450000000
                   .072879330000000
                   .118013300000000
                   .213529800000000
                   .365600100000000
                   .483783900000000
                   .000000000000000
                   .000000000000000
