 minEtta(22,24)
                  8.517106000000000
                 10.478490000000000
                 13.218630000000000
                 17.223370000000000
                 21.000000000000000
                 21.000000000000000
                 21.000000000000000
                 21.000000000000000
                 21.000000000000000
                 21.000000000000000
                 21.000000000000000
                 21.000000000000000
                 21.000000000000000
                 21.000000000000000
                 21.000000000000000
                 21.000000000000000
                 21.000000000000000
                 21.000000000000000
                 21.000000000000000
                 21.000000000000000
                 21.000000000000000
                 21.000000000000000
                  7.170227000000000
                  8.711062000000000
                 10.800030000000000
                 13.726470000000000
                 17.994050000000000
                 21.000000000000000
                 21.000000000000000
                 21.000000000000000
                 21.000000000000000
                 21.000000000000000
                 21.000000000000000
                 21.000000000000000
                 21.000000000000000
                 21.000000000000000
                 21.000000000000000
                 21.000000000000000
                 21.000000000000000
                 21.000000000000000
                 21.000000000000000
                 21.000000000000000
                 21.000000000000000
                 21.000000000000000
                  6.786112000000000
                  8.246252000000000
                 10.226850000000000
                 13.003440000000000
                 17.056560000000000
                 21.000000000000000
                 21.000000000000000
                 21.000000000000000
                 21.000000000000000
                 21.000000000000000
                 21.000000000000000
                 21.000000000000000
                 21.000000000000000
                 21.000000000000000
                 21.000000000000000
                 21.000000000000000
                 21.000000000000000
                 21.000000000000000
                 21.000000000000000
                 21.000000000000000
                 21.000000000000000
                 21.000000000000000
                  6.394007000000000
                  7.771508000000000
                  9.640975000000000
                 12.263620000000000
                 16.095840000000000
                 20.500920000000000
                 21.000000000000000
                 21.000000000000000
                 21.000000000000000
                 21.000000000000000
                 21.000000000000000
                 21.000000000000000
                 21.000000000000000
                 21.000000000000000
                 21.000000000000000
                 21.000000000000000
                 21.000000000000000
                 21.000000000000000
                 21.000000000000000
                 21.000000000000000
                 21.000000000000000
                 21.000000000000000
                  6.008779000000000
                  7.304899000000000
                  9.064822000000000
                 11.535520000000000
                 15.149300000000000
                 19.214580000000000
                 21.000000000000000
                 21.000000000000000
                 21.000000000000000
                 21.000000000000000
                 21.000000000000000
                 21.000000000000000
                 21.000000000000000
                 21.000000000000000
                 21.000000000000000
                 21.000000000000000
                 21.000000000000000
                 21.000000000000000
                 21.000000000000000
                 21.000000000000000
                 21.000000000000000
                 21.000000000000000
                  5.643281000000000
                  6.862061000000000
                  8.517808000000000
                 10.843870000000000
                 14.249470000000000
                 18.004750000000000
                 20.004770000000000
                 21.000000000000000
                 21.000000000000000
                 21.000000000000000
                 21.000000000000000
                 21.000000000000000
                 21.000000000000000
                 21.000000000000000
                 21.000000000000000
                 21.000000000000000
                 21.000000000000000
                 21.000000000000000
                 21.000000000000000
                 21.000000000000000
                 21.000000000000000
                 21.000000000000000
                  5.284647000000000
                  6.427362000000000
                  7.980556000000000
                 10.164050000000000
                 13.364060000000000
                 16.809230000000000
                 18.655210000000000
                 20.540380000000000
                 21.000000000000000
                 21.000000000000000
                 21.000000000000000
                 21.000000000000000
                 21.000000000000000
                 21.000000000000000
                 21.000000000000000
                 21.000000000000000
                 21.000000000000000
                 21.000000000000000
                 21.000000000000000
                 21.000000000000000
                 21.000000000000000
                 21.000000000000000
                  4.933310000000000
                  6.001340000000000
                  7.453741000000000
                  9.496943000000000
                 12.494260000000000
                 15.629690000000000
                 17.324340000000000
                 19.058370000000000
                 20.908950000000000
                 21.000000000000000
                 21.000000000000000
                 21.000000000000000
                 21.000000000000000
                 21.000000000000000
                 21.000000000000000
                 21.000000000000000
                 21.000000000000000
                 21.000000000000000
                 21.000000000000000
                 21.000000000000000
                 21.000000000000000
                 21.000000000000000
                  4.589774000000000
                  5.584614000000000
                  6.938149000000000
                  8.843563000000000
                 11.641450000000000
                 14.468010000000000
                 16.014310000000000
                 17.601000000000000
                 19.291890000000000
                 21.000000000000000
                 21.000000000000000
                 21.000000000000000
                 21.000000000000000
                 21.000000000000000
                 21.000000000000000
                 21.000000000000000
                 21.000000000000000
                 21.000000000000000
                 21.000000000000000
                 21.000000000000000
                 21.000000000000000
                 21.000000000000000
                  4.254212000000000
                  5.177402000000000
                  6.434069000000000
                  8.204306000000000
                 10.806200000000000
                 13.325470000000000
                 14.726650000000000
                 16.170010000000000
                 17.705750000000000
                 19.316340000000000
                 20.977280000000000
                 21.000000000000000
                 21.000000000000000
                 21.000000000000000
                 21.000000000000000
                 21.000000000000000
                 21.000000000000000
                 21.000000000000000
                 21.000000000000000
                 21.000000000000000
                 21.000000000000000
                 21.000000000000000
                  3.936553000000000
                  4.791801000000000
                  5.956545000000000
                  7.598387000000000
                 10.001570000000000
                 12.233730000000000
                 13.496430000000000
                 14.803870000000000
                 16.192650000000000
                 17.646650000000000
                 19.143590000000000
                 20.655330000000000
                 21.000000000000000
                 21.000000000000000
                 21.000000000000000
                 21.000000000000000
                 21.000000000000000
                 21.000000000000000
                 21.000000000000000
                 21.000000000000000
                 21.000000000000000
                 21.000000000000000
                  3.626694000000000
                  4.415525000000000
                  5.490334000000000
                  7.006397000000000
                  9.202097000000000
                 11.161250000000000
                 12.288830000000000
                 13.464310000000000
                 14.710640000000000
                 16.013090000000000
                 17.351520000000000
                 18.700710000000000
                 20.031350000000000
                 21.000000000000000
                 21.000000000000000
                 21.000000000000000
                 21.000000000000000
                 21.000000000000000
                 21.000000000000000
                 21.000000000000000
                 21.000000000000000
                 21.000000000000000
                  3.325522000000000
                  4.049664000000000
                  5.036796000000000
                  6.430096000000000
                  8.421530000000000
                 10.110880000000000
                 11.107070000000000
                 12.154860000000000
                 13.263560000000000
                 14.419830000000000
                 15.605600000000000
                 16.798430000000000
                 17.972450000000000
                 19.099790000000000
                 20.152470000000000
                 21.000000000000000
                 21.000000000000000
                 21.000000000000000
                 21.000000000000000
                 21.000000000000000
                 21.000000000000000
                 21.000000000000000
                  3.034344000000000
                  3.695816000000000
                  4.597936000000000
                  5.872064000000000
                  7.662992000000000
                  9.086322000000000
                  9.955251000000000
                 10.879990000000000
                 11.856290000000000
                 12.872150000000000
                 13.911510000000000
                 14.954600000000000
                 15.978820000000000
                 16.959920000000000
                 17.873720000000000
                 18.697760000000000
                 19.412890000000000
                 20.004560000000000
                 20.463510000000000
                 20.785960000000000
                 20.973310000000000
                 21.000000000000000
                  2.754872000000000
                  3.356073000000000
                  4.176370000000000
                  5.335663000000000
                  6.930437000000000
                  8.081608000000000
                  8.838232000000000
                  9.644984000000000
                 10.494550000000000
                 11.376210000000000
                 12.275870000000000
                 13.176320000000000
                 14.058000000000000
                 14.900150000000000
                 15.682120000000000
                 16.384890000000000
                 16.992350000000000
                 17.492340000000000
                 17.877290000000000
                 18.144290000000000
                 18.294840000000000
                 18.334220000000000
                  2.489524000000000
                  3.033391000000000
                  3.775790000000000
                  4.825638000000000
                  6.163472000000000
                  7.108914000000000
                  7.761966000000000
                  8.456293000000000
                  9.185296000000000
                  9.939539000000000
                 10.706760000000000
                 11.472170000000000
                 12.219140000000000
                 12.930110000000000
                 13.587790000000000
                 14.176340000000000
                 14.682460000000000
                 15.096270000000000
                 15.411720000000000
                 15.626700000000000
                 15.742800000000000
                 15.764740000000000
                  2.248331000000000
                  2.740006000000000
                  3.411448000000000
                  4.361518000000000
                  5.447071000000000
                  6.197039000000000
                  6.753667000000000
                  7.343468000000000
                  7.960538000000000
                  8.596635000000000
                  9.241220000000000
                  9.881760000000000
                 10.504290000000000
                 11.094220000000000
                 11.637310000000000
                 12.120630000000000
                 12.533470000000000
                 12.867960000000000
                 13.119480000000000
                 13.286640000000000
                 13.371100000000000
                 13.377050000000000
                  2.027772000000000
                  2.471643000000000
                  3.078046000000000
                  3.915291000000000
                  4.769061000000000
                  5.329825000000000
                  5.795604000000000
                  6.287096000000000
                  6.799081000000000
                  7.324463000000000
                  7.854340000000000
                  8.378284000000000
                  8.884825000000000
                  9.362120000000000
                  9.798734000000000
                 10.184420000000000
                 10.510830000000000
                 10.771940000000000
                 10.964420000000000
                 11.087530000000000
                 11.142960000000000
                 11.134430000000000
                  1.820564000000000
                  2.219441000000000
                  2.764584000000000
                  3.467161000000000
                  4.089868000000000
                  4.488766000000000
                  4.867958000000000
                  5.266032000000000
                  5.678471000000000
                  6.099304000000000
                  6.521207000000000
                  6.935750000000000
                  7.333803000000000
                  7.706076000000000
                  8.043737000000000
                  8.338997000000000
                  8.585628000000000
                  8.779324000000000
                  8.917858000000000
                  9.001062000000000
                  9.030628000000000
                  9.009796000000000
                  1.613272000000000
                  1.967063000000000
                  2.433286000000000
                  2.938389000000000
                  3.372925000000000
                  3.668651000000000
                  3.966362000000000
                  4.277013000000000
                  4.596820000000000
                  4.920931000000000
                  5.243535000000000
                  5.558070000000000
                  5.857563000000000
                  6.135041000000000
                  6.383986000000000
                  6.598776000000000
                  6.775040000000000
                  6.909903000000000
                  7.002070000000000
                  7.051786000000000
                  7.060668000000000
                  7.031450000000000
                  1.362173000000000
                  1.656905000000000
                  2.011434000000000
                  2.340029000000000
                  2.611362000000000
                  2.820076000000000
                  3.039016000000000
                  3.265963000000000
                  3.497954000000000
                  3.731308000000000
                  3.961711000000000
                  4.184396000000000
                  4.394392000000000
                  4.586822000000000
                  4.757220000000000
                  4.901833000000000
                  5.017842000000000
                  5.103519000000000
                  5.158261000000000
                  5.182535000000000
                  5.177752000000000
                  5.146069000000000
                  1.032279000000000
                  1.232481000000000
                  1.435646000000000
                  1.642928000000000
                  1.792426000000000
                  1.929456000000000
                  2.072243000000000
                  2.219199000000000
                  2.368278000000000
                  2.517006000000000
                  2.662553000000000
                  2.801857000000000
                  2.931788000000000
                  3.049338000000000
                  3.151819000000000
                  3.237036000000000
                  3.303417000000000
                  3.350093000000000
                  3.376897000000000
                  3.384328000000000
                  3.373448000000000
                  3.345767000000000
                   .634614000000000
                   .729911100000000
                   .837263500000000
                   .927557300000000
                   .999748500000000
                  1.072411000000000
                  1.147555000000000
                  1.224267000000000
                  1.301408000000000
                  1.377638000000000
                  1.451464000000000
                  1.521303000000000
                  1.585577000000000
                  1.642804000000000
                  1.691699000000000
                  1.731251000000000
                  1.760786000000000
                  1.779989000000000
                  1.788903000000000
                  1.787899000000000
                  1.777618000000000
                  1.758911000000000
                   .234583100000000
                   .266241200000000
                   .293636200000000
                   .317571400000000
                   .339765800000000
                   .362741500000000
                   .386245800000000
                   .409959400000000
                   .433501000000000
                   .456437100000000
                   .478299700000000
                   .498609000000000
                   .516901600000000
                   .532758800000000
                   .545833900000000
                   .555873200000000
                   .562730000000000
                   .566367700000000
                   .566855500000000
                   .564355300000000
                   .559103500000000
                   .551391200000000
                 21.000000000000000
                 21.000000000000000
                 21.000000000000000
                 21.000000000000000
                 21.000000000000000
                 21.000000000000000
                 21.000000000000000
                 21.000000000000000
                 21.000000000000000
                 21.000000000000000
                 21.000000000000000
                 21.000000000000000
                 21.000000000000000
                 21.000000000000000
                 21.000000000000000
                 21.000000000000000
                 21.000000000000000
                 21.000000000000000
                 21.000000000000000
                 21.000000000000000
                 21.000000000000000
                 21.000000000000000
                 21.000000000000000
                 21.000000000000000
                 21.000000000000000
                 21.000000000000000
                 21.000000000000000
                 21.000000000000000
                 21.000000000000000
                 21.000000000000000
                 21.000000000000000
                 21.000000000000000
                 21.000000000000000
                 21.000000000000000
                 21.000000000000000
                 21.000000000000000
                 21.000000000000000
                 21.000000000000000
                 21.000000000000000
                 21.000000000000000
                 21.000000000000000
                 21.000000000000000
                 21.000000000000000
                 21.000000000000000
                 21.000000000000000
                 21.000000000000000
                 21.000000000000000
                 21.000000000000000
                 21.000000000000000
                 21.000000000000000
                 21.000000000000000
                 21.000000000000000
                 21.000000000000000
                 21.000000000000000
                 21.000000000000000
                 21.000000000000000
                 21.000000000000000
                 21.000000000000000
                 21.000000000000000
                 21.000000000000000
                 21.000000000000000
                 21.000000000000000
                 21.000000000000000
                 21.000000000000000
                 21.000000000000000
                 21.000000000000000
                 21.000000000000000
                 21.000000000000000
                 21.000000000000000
                 21.000000000000000
                 21.000000000000000
                 21.000000000000000
                 21.000000000000000
                 21.000000000000000
                 21.000000000000000
                 21.000000000000000
                 21.000000000000000
                 21.000000000000000
                 21.000000000000000
                 21.000000000000000
                 21.000000000000000
                 21.000000000000000
                 21.000000000000000
                 21.000000000000000
                 21.000000000000000
                 21.000000000000000
                 21.000000000000000
                 21.000000000000000
                 21.000000000000000
                 21.000000000000000
                 21.000000000000000
                 21.000000000000000
                 21.000000000000000
                 21.000000000000000
                 21.000000000000000
                 21.000000000000000
                 21.000000000000000
                 21.000000000000000
                 21.000000000000000
                 21.000000000000000
                 21.000000000000000
                 21.000000000000000
                 21.000000000000000
                 21.000000000000000
                 21.000000000000000
                 21.000000000000000
                 21.000000000000000
                 21.000000000000000
                 21.000000000000000
                 21.000000000000000
                 21.000000000000000
                 21.000000000000000
                 21.000000000000000
                 21.000000000000000
                 21.000000000000000
                 21.000000000000000
                 21.000000000000000
                 21.000000000000000
                 21.000000000000000
                 21.000000000000000
                 21.000000000000000
                 21.000000000000000
                 21.000000000000000
                 21.000000000000000
                 21.000000000000000
                 21.000000000000000
                 21.000000000000000
                 21.000000000000000
                 21.000000000000000
                 21.000000000000000
                 21.000000000000000
                 21.000000000000000
                 21.000000000000000
                 21.000000000000000
                 21.000000000000000
                 21.000000000000000
                 21.000000000000000
                 21.000000000000000
                 21.000000000000000
                 21.000000000000000
                 21.000000000000000
                 21.000000000000000
                 21.000000000000000
                 21.000000000000000
                 21.000000000000000
                 21.000000000000000
                 21.000000000000000
                 21.000000000000000
                 21.000000000000000
                 21.000000000000000
                 21.000000000000000
                 21.000000000000000
                 21.000000000000000
                 21.000000000000000
                 21.000000000000000
                 21.000000000000000
                 21.000000000000000
                 21.000000000000000
                 21.000000000000000
                 21.000000000000000
                 21.000000000000000
                 21.000000000000000
                 21.000000000000000
                 21.000000000000000
                 21.000000000000000
                 21.000000000000000
                 21.000000000000000
                 21.000000000000000
                 21.000000000000000
                 21.000000000000000
                 21.000000000000000
                 21.000000000000000
                 21.000000000000000
                 21.000000000000000
                 21.000000000000000
                 21.000000000000000
                 21.000000000000000
                 21.000000000000000
                 21.000000000000000
                 21.000000000000000
                 21.000000000000000
                 21.000000000000000
                 21.000000000000000
                 21.000000000000000
                 21.000000000000000
                 21.000000000000000
                 21.000000000000000
                 21.000000000000000
                 21.000000000000000
                 21.000000000000000
                 21.000000000000000
                 21.000000000000000
                 21.000000000000000
                 21.000000000000000
                 21.000000000000000
                 21.000000000000000
                 21.000000000000000
                 21.000000000000000
                 21.000000000000000
                 21.000000000000000
                 21.000000000000000
                 21.000000000000000
                 21.000000000000000
                 21.000000000000000
                 21.000000000000000
                 21.000000000000000
                 21.000000000000000
                 21.000000000000000
                 21.000000000000000
                 21.000000000000000
                 21.000000000000000
                 21.000000000000000
                 21.000000000000000
                 21.000000000000000
                 21.000000000000000
                 21.000000000000000
                 21.000000000000000
                 21.000000000000000
                 21.000000000000000
                 21.000000000000000
                 21.000000000000000
                 21.000000000000000
                 21.000000000000000
                 21.000000000000000
                 21.000000000000000
                 21.000000000000000
                 21.000000000000000
                 21.000000000000000
                 21.000000000000000
                 21.000000000000000
                 21.000000000000000
                 21.000000000000000
                 21.000000000000000
                 21.000000000000000
                 21.000000000000000
                 21.000000000000000
                 21.000000000000000
                 21.000000000000000
                 21.000000000000000
                 21.000000000000000
                 21.000000000000000
                 21.000000000000000
                 21.000000000000000
                 21.000000000000000
                 21.000000000000000
                 21.000000000000000
                 21.000000000000000
                 21.000000000000000
                 21.000000000000000
                 21.000000000000000
                 21.000000000000000
                 21.000000000000000
                 21.000000000000000
                 21.000000000000000
                 21.000000000000000
                 21.000000000000000
                 21.000000000000000
                 21.000000000000000
                 21.000000000000000
                 21.000000000000000
                 21.000000000000000
                 21.000000000000000
                 21.000000000000000
                 21.000000000000000
                 19.953130000000000
                 21.000000000000000
                 21.000000000000000
                 21.000000000000000
                 21.000000000000000
                 21.000000000000000
                 21.000000000000000
                 21.000000000000000
                 21.000000000000000
                 21.000000000000000
                 21.000000000000000
                 21.000000000000000
                 21.000000000000000
                 21.000000000000000
                 21.000000000000000
                 21.000000000000000
                 21.000000000000000
                 21.000000000000000
                 21.000000000000000
                 21.000000000000000
                 21.000000000000000
                 21.000000000000000
                 18.206070000000000
                 21.000000000000000
                 21.000000000000000
                 21.000000000000000
                 21.000000000000000
                 21.000000000000000
                 21.000000000000000
                 21.000000000000000
                 21.000000000000000
                 21.000000000000000
                 21.000000000000000
                 21.000000000000000
                 21.000000000000000
                 21.000000000000000
                 21.000000000000000
                 21.000000000000000
                 21.000000000000000
                 21.000000000000000
                 21.000000000000000
                 21.000000000000000
                 21.000000000000000
                 21.000000000000000
                 16.529230000000000
                 20.136440000000000
                 21.000000000000000
                 21.000000000000000
                 21.000000000000000
                 21.000000000000000
                 21.000000000000000
                 21.000000000000000
                 21.000000000000000
                 21.000000000000000
                 21.000000000000000
                 21.000000000000000
                 21.000000000000000
                 21.000000000000000
                 21.000000000000000
                 21.000000000000000
                 21.000000000000000
                 21.000000000000000
                 21.000000000000000
                 21.000000000000000
                 21.000000000000000
                 21.000000000000000
                 14.937140000000000
                 18.200350000000000
                 21.000000000000000
                 21.000000000000000
                 21.000000000000000
                 21.000000000000000
                 21.000000000000000
                 21.000000000000000
                 21.000000000000000
                 21.000000000000000
                 21.000000000000000
                 21.000000000000000
                 21.000000000000000
                 21.000000000000000
                 21.000000000000000
                 21.000000000000000
                 21.000000000000000
                 21.000000000000000
                 21.000000000000000
                 21.000000000000000
                 21.000000000000000
                 21.000000000000000
                 13.489980000000000
                 16.440040000000000
                 20.468690000000000
                 21.000000000000000
                 21.000000000000000
                 21.000000000000000
                 21.000000000000000
                 21.000000000000000
                 21.000000000000000
                 21.000000000000000
                 21.000000000000000
                 21.000000000000000
                 21.000000000000000
                 21.000000000000000
                 21.000000000000000
                 21.000000000000000
                 21.000000000000000
                 21.000000000000000
                 21.000000000000000
                 21.000000000000000
                 21.000000000000000
                 21.000000000000000
                 12.166630000000000
                 14.829860000000000
                 18.468270000000000
                 21.000000000000000
                 21.000000000000000
                 21.000000000000000
                 21.000000000000000
                 21.000000000000000
                 21.000000000000000
                 21.000000000000000
                 21.000000000000000
                 21.000000000000000
                 21.000000000000000
                 21.000000000000000
                 21.000000000000000
                 21.000000000000000
                 21.000000000000000
                 21.000000000000000
                 21.000000000000000
                 21.000000000000000
                 21.000000000000000
                 21.000000000000000
                 10.923390000000000
                 13.316650000000000
                 16.587510000000000
                 20.802970000000000
                 21.000000000000000
                 21.000000000000000
                 21.000000000000000
                 21.000000000000000
                 21.000000000000000
                 21.000000000000000
                 21.000000000000000
                 21.000000000000000
                 21.000000000000000
                 21.000000000000000
                 21.000000000000000
                 21.000000000000000
                 21.000000000000000
                 21.000000000000000
                 21.000000000000000
                 21.000000000000000
                 21.000000000000000
                 21.000000000000000
                  9.679631000000000
                 11.802380000000000
                 14.599720000000000
                 17.630340000000000
                 20.237550000000000
                 21.000000000000000
                 21.000000000000000
                 21.000000000000000
                 21.000000000000000
                 21.000000000000000
                 21.000000000000000
                 21.000000000000000
                 21.000000000000000
                 21.000000000000000
                 21.000000000000000
                 21.000000000000000
                 21.000000000000000
                 21.000000000000000
                 21.000000000000000
                 21.000000000000000
                 21.000000000000000
                 21.000000000000000
                  8.173038000000000
                  9.941429000000000
                 12.068600000000000
                 14.040180000000000
                 15.668170000000000
                 16.920460000000000
                 18.234100000000000
                 19.595780000000000
                 20.987720000000000
                 21.000000000000000
                 21.000000000000000
                 21.000000000000000
                 21.000000000000000
                 21.000000000000000
                 21.000000000000000
                 21.000000000000000
                 21.000000000000000
                 21.000000000000000
                 21.000000000000000
                 21.000000000000000
                 21.000000000000000
                 21.000000000000000
                  6.193673000000000
                  7.394885000000000
                  8.613877000000000
                  9.857572000000000
                 10.754560000000000
                 11.576740000000000
                 12.433460000000000
                 13.315190000000000
                 14.209670000000000
                 15.102040000000000
                 15.975320000000000
                 16.811150000000000
                 17.590730000000000
                 18.296030000000000
                 18.910920000000000
                 19.422210000000000
                 19.820510000000000
                 20.100560000000000
                 20.261380000000000
                 20.305970000000000
                 20.240690000000000
                 20.074610000000000
                  3.807684000000000
                  4.379467000000000
                  5.023581000000000
                  5.565344000000000
                  5.998491000000000
                  6.434465000000000
                  6.885331000000000
                  7.345600000000000
                  7.808447000000000
                  8.265831000000000
                  8.708784000000000
                  9.127820000000000
                  9.513461000000000
                  9.856826000000000
                 10.150200000000000
                 10.387510000000000
                 10.564720000000000
                 10.679930000000000
                 10.733420000000000
                 10.727390000000000
                 10.665710000000000
                 10.553470000000000
                  1.407498000000000
                  1.597447000000000
                  1.761817000000000
                  1.905429000000000
                  2.038594000000000
                  2.176449000000000
                  2.317475000000000
                  2.459756000000000
                  2.601006000000000
                  2.738623000000000
                  2.869798000000000
                  2.991654000000000
                  3.101409000000000
                  3.196553000000000
                  3.275003000000000
                  3.335239000000000
                  3.376380000000000
                  3.398206000000000
                  3.401133000000000
                  3.386132000000000
                  3.354622000000000
                  3.308347000000000
