 forbl(24)
                   .002786369000000
                   .005406945000000
                   .006389927000000
                   .007525537000000
                   .008832974000000
                   .010334060000000
                   .012048390000000
                   .014007000000000
                   .016242840000000
                   .018797710000000
                   .021723820000000
                   .025087820000000
                   .028981860000000
                   .033559890000000
                   .039006930000000
                   .045644750000000
                   .054012820000000
                   .064807480000000
                   .079511250000000
                   .101000200000000
                   .134373600000000
                   .189671400000000
                   .280492400000000
                   .407516200000000
                   .000000000000000
                   .000000000000000
