 minEtta(22,24)
                  3.500680000000000
                  4.302072000000000
                  5.418619000000000
                  7.044023000000000
                  9.552287000000000
                 12.794330000000000
                 14.692100000000000
                 16.691800000000000
                 18.931330000000000
                 21.000000000000000
                 21.000000000000000
                 21.000000000000000
                 21.000000000000000
                 21.000000000000000
                 21.000000000000000
                 21.000000000000000
                 21.000000000000000
                 21.000000000000000
                 21.000000000000000
                 21.000000000000000
                 21.000000000000000
                 21.000000000000000
                  2.902332000000000
                  3.527281000000000
                  4.375249000000000
                  5.564506000000000
                  7.301548000000000
                  9.970832000000000
                 13.871470000000000
                 15.745400000000000
                 17.841240000000000
                 20.149800000000000
                 21.000000000000000
                 21.000000000000000
                 21.000000000000000
                 21.000000000000000
                 21.000000000000000
                 21.000000000000000
                 21.000000000000000
                 21.000000000000000
                 21.000000000000000
                 21.000000000000000
                 21.000000000000000
                 21.000000000000000
                  2.744121000000000
                  3.335680000000000
                  4.138721000000000
                  5.265694000000000
                  6.913270000000000
                  9.273826000000000
                 12.632240000000000
                 14.818190000000000
                 16.774420000000000
                 18.926220000000000
                 21.000000000000000
                 21.000000000000000
                 21.000000000000000
                 21.000000000000000
                 21.000000000000000
                 21.000000000000000
                 21.000000000000000
                 21.000000000000000
                 21.000000000000000
                 21.000000000000000
                 21.000000000000000
                 21.000000000000000
                  2.590428000000000
                  3.149487000000000
                  3.908763000000000
                  4.974998000000000
                  6.535190000000000
                  8.603748000000000
                 10.631610000000000
                 13.267370000000000
                 15.731590000000000
                 17.731510000000000
                 19.887560000000000
                 21.000000000000000
                 21.000000000000000
                 21.000000000000000
                 21.000000000000000
                 21.000000000000000
                 21.000000000000000
                 21.000000000000000
                 21.000000000000000
                 21.000000000000000
                 21.000000000000000
                 21.000000000000000
                  2.441198000000000
                  2.968641000000000
                  3.685307000000000
                  4.692345000000000
                  6.167241000000000
                  8.096346000000000
                  9.376877000000000
                 10.773720000000000
                 12.364390000000000
                 14.147970000000000
                 16.109080000000000
                 18.214790000000000
                 20.413840000000000
                 21.000000000000000
                 21.000000000000000
                 21.000000000000000
                 21.000000000000000
                 21.000000000000000
                 21.000000000000000
                 21.000000000000000
                 21.000000000000000
                 21.000000000000000
                  2.296380000000000
                  2.793083000000000
                  3.468290000000000
                  4.417666000000000
                  5.809355000000000
                  7.600872000000000
                  8.632263000000000
                  9.635370000000000
                 10.729920000000000
                 11.906790000000000
                 13.150160000000000
                 14.437200000000000
                 15.738690000000000
                 17.020570000000000
                 18.246480000000000
                 19.380720000000000
                 20.391350000000000
                 21.000000000000000
                 21.000000000000000
                 21.000000000000000
                 21.000000000000000
                 21.000000000000000
                  2.155945000000000
                  2.622783000000000
                  3.257680000000000
                  4.150934000000000
                  5.461517000000000
                  7.117428000000000
                  8.058025000000000
                  8.985357000000000
                  9.995635000000000
                 11.080190000000000
                 12.224270000000000
                 13.406770000000000
                 14.600850000000000
                 15.775370000000000
                 16.897200000000000
                 17.933890000000000
                 18.856470000000000
                 19.641720000000000
                 20.273660000000000
                 20.744130000000000
                 21.000000000000000
                 21.000000000000000
                  2.019871000000000
                  2.457718000000000
                  3.053457000000000
                  3.892137000000000
                  5.123731000000000
                  6.646104000000000
                  7.497875000000000
                  8.351932000000000
                  9.280839000000000
                 10.276390000000000
                 11.324860000000000
                 12.406810000000000
                 13.497700000000000
                 14.569160000000000
                 15.591130000000000
                 16.534270000000000
                 17.372440000000000
                 18.084750000000000
                 18.656870000000000
                 19.081580000000000
                 19.358410000000000
                 19.492800000000000
                  1.888166000000000
                  2.297903000000000
                  2.855642000000000
                  3.641310000000000
                  4.796069000000000
                  6.187029000000000
                  6.952051000000000
                  7.735344000000000
                  8.585792000000000
                  9.495646000000000
                 10.452190000000000
                 11.437590000000000
                 12.429500000000000
                 13.402200000000000
                 14.328550000000000
                 15.182150000000000
                 15.939550000000000
                 16.582050000000000
                 17.096920000000000
                 17.477800000000000
                 17.724420000000000
                 17.841820000000000
                  1.760869000000000
                  2.143389000000000
                  2.664309000000000
                  3.398558000000000
                  4.478684000000000
                  5.731145000000000
                  6.420819000000000
                  7.135877000000000
                  7.910787000000000
                  8.738257000000000
                  9.606554000000000
                 10.499410000000000
                 11.396530000000000
                 12.274770000000000
                 13.109720000000000
                 13.877780000000000
                 14.558040000000000
                 15.133900000000000
                 15.594100000000000
                 15.933120000000000
                 16.150870000000000
                 16.252000000000000
                  1.638071000000000
                  1.994288000000000
                  2.479604000000000
                  3.164080000000000
                  4.171858000000000
                  5.281560000000000
                  5.904503000000000
                  6.553867000000000
                  7.256167000000000
                  8.004577000000000
                  8.788315000000000
                  9.592599000000000
                 10.399140000000000
                 11.187180000000000
                 11.934950000000000
                 12.621460000000000
                 13.228210000000000
                 13.740570000000000
                 14.148700000000000
                 14.447830000000000
                 14.638070000000000
                 14.723700000000000
                  1.519926000000000
                  1.850795000000000
                  2.301770000000000
                  2.938195000000000
                  3.876031000000000
                  4.845029000000000
                  5.403509000000000
                  5.989738000000000
                  6.622371000000000
                  7.295046000000000
                  7.997907000000000
                  8.717604000000000
                  9.437748000000000
                 10.139840000000000
                 10.804620000000000
                 11.413570000000000
                 11.950440000000000
                 12.402450000000000
                 12.761090000000000
                 13.022330000000000
                 13.186430000000000
                 13.257330000000000
                  1.406685000000000
                  1.713217000000000
                  2.131200000000000
                  2.721415000000000
                  3.591895000000000
                  4.422040000000000
                  4.918356000000000
                  5.444031000000000
                  6.009960000000000
                  6.610240000000000
                  7.235917000000000
                  7.875005000000000
                  8.512924000000000
                  9.133334000000000
                  9.719300000000000
                 10.254650000000000
                 10.725240000000000
                 11.120050000000000
                 11.431800000000000
                 11.657140000000000
                 11.796480000000000
                 11.853460000000000
                  1.298739000000000
                  1.582033000000000
                  1.968493000000000
                  2.514514000000000
                  3.306555000000000
                  4.013238000000000
                  4.449723000000000
                  4.917462000000000
                  5.419678000000000
                  5.950925000000000
                  6.503121000000000
                  7.065588000000000
                  7.625462000000000
                  8.168426000000000
                  8.679755000000000
                  9.145454000000000
                  9.553385000000000
                  9.894134000000000
                 10.161580000000000
                 10.353020000000000
                 10.469000000000000
                 10.512860000000000
                  1.196683000000000
                  1.457974000000000
                  1.814565000000000
                  2.318673000000000
                  3.033880000000000
                  3.618005000000000
                  3.998519000000000
                  4.410985000000000
                  4.852520000000000
                  5.318133000000000
                  5.800583000000000
                  6.290436000000000
                  6.776449000000000
                  7.246222000000000
                  7.687088000000000
                  8.087100000000000
                  8.435967000000000
                  8.725798000000000
                  8.951537000000000
                  9.111086000000000
                  9.205119000000000
                  9.236669000000000
                  1.101448000000000
                  1.342175000000000
                  1.670835000000000
                  2.135717000000000
                  2.769926000000000
                  3.232809000000000
                  3.565965000000000
                  3.925889000000000
                  4.309835000000000
                  4.713270000000000
                  5.129753000000000
                  5.551039000000000
                  5.967415000000000
                  6.368270000000000
                  6.742867000000000
                  7.081160000000000
                  7.374584000000000
                  7.616649000000000
                  7.803294000000000
                  7.932970000000000
                  8.006461000000000
                  8.026532000000000
                  1.014499000000000
                  1.236427000000000
                  1.539538000000000
                  1.968514000000000
                  2.493023000000000
                  2.865437000000000
                  3.153706000000000
                  3.463905000000000
                  3.793446000000000
                  4.138234000000000
                  4.492607000000000
                  4.849438000000000
                  5.200450000000000
                  5.536711000000000
                  5.849272000000000
                  6.129854000000000
                  6.371480000000000
                  6.568955000000000
                  6.719138000000000
                  6.820977000000000
                  6.875354000000000
                  6.884778000000000
                   .937701300000000
                  1.143008000000000
                  1.423520000000000
                  1.817774000000000
                  2.233330000000000
                  2.517112000000000
                  2.763024000000000
                  3.026379000000000
                  3.304752000000000
                  3.594483000000000
                  3.890652000000000
                  4.187192000000000
                  4.477170000000000
                  4.753211000000000
                  5.008022000000000
                  5.234951000000000
                  5.428482000000000
                  5.584604000000000
                  5.701010000000000
                  5.777099000000000
                  5.813840000000000
                  5.813498000000000
                   .872187000000000
                  1.063304000000000
                  1.324517000000000
                  1.666769000000000
                  1.977602000000000
                  2.186306000000000
                  2.392258000000000
                  2.611516000000000
                  2.841836000000000
                  3.079991000000000
                  3.321773000000000
                  3.562120000000000
                  3.795355000000000
                  4.015545000000000
                  4.216924000000000
                  4.394327000000000
                  4.543568000000000
                  4.661705000000000
                  4.747177000000000
                  4.799784000000000
                  4.820553000000000
                  4.811516000000000
                   .816625700000000
                   .995703200000000
                  1.231453000000000
                  1.485809000000000
                  1.706158000000000
                  1.866095000000000
                  2.034026000000000
                  2.211492000000000
                  2.396459000000000
                  2.586145000000000
                  2.777045000000000
                  2.965054000000000
                  3.145679000000000
                  3.314323000000000
                  3.466618000000000
                  3.598743000000000
                  3.707702000000000
                  3.791502000000000
                  3.849228000000000
                  3.881012000000000
                  3.887903000000000
                  3.871696000000000
                   .764798200000000
                   .923514100000000
                  1.104372000000000
                  1.285637000000000
                  1.418790000000000
                  1.542440000000000
                  1.673499000000000
                  1.810729000000000
                  1.952365000000000
                  2.096103000000000
                  2.239151000000000
                  2.378340000000000
                  2.510295000000000
                  2.631660000000000
                  2.739332000000000
                  2.830693000000000
                  2.903786000000000
                  2.957422000000000
                  2.991216000000000
                  3.005536000000000
                  3.001398000000000
                  2.980326000000000
                   .684440200000000
                   .793970300000000
                   .914412300000000
                  1.018643000000000
                  1.105249000000000
                  1.195349000000000
                  1.289830000000000
                  1.387626000000000
                  1.487320000000000
                  1.587152000000000
                  1.685073000000000
                  1.778841000000000
                  1.866147000000000
                  1.944773000000000
                  2.012749000000000
                  2.068491000000000
                  2.110909000000000
                  2.139450000000000
                  2.154108000000000
                  2.155370000000000
                  2.144130000000000
                  2.121590000000000
                   .517396300000000
                   .587129100000000
                   .644495200000000
                   .697859200000000
                   .751516800000000
                   .807675700000000
                   .865753300000000
                   .924971500000000
                   .984357500000000
                  1.042766000000000
                  1.098926000000000
                  1.151500000000000
                  1.199173000000000
                  1.240740000000000
                  1.275191000000000
                  1.301779000000000
                  1.320067000000000
                  1.329939000000000
                  1.331586000000000
                  1.325465000000000
                  1.312244000000000
                  1.292735000000000
                   .274677200000000
                   .297475300000000
                   .318768700000000
                   .341096300000000
                   .364279900000000
                   .388071700000000
                   .412150600000000
                   .436124000000000
                   .459535300000000
                   .481881300000000
                   .502635800000000
                   .521281000000000
                   .537341700000000
                   .550417100000000
                   .560211000000000
                   .566548700000000
                   .569385000000000
                   .568800000000000
                   .564984000000000
                   .558216600000000
                   .548840200000000
                   .537234000000000
                 18.390730000000000
                 21.000000000000000
                 21.000000000000000
                 21.000000000000000
                 21.000000000000000
                 21.000000000000000
                 21.000000000000000
                 21.000000000000000
                 21.000000000000000
                 21.000000000000000
                 21.000000000000000
                 21.000000000000000
                 21.000000000000000
                 21.000000000000000
                 21.000000000000000
                 21.000000000000000
                 21.000000000000000
                 21.000000000000000
                 21.000000000000000
                 21.000000000000000
                 21.000000000000000
                 21.000000000000000
                 17.414000000000000
                 21.000000000000000
                 21.000000000000000
                 21.000000000000000
                 21.000000000000000
                 21.000000000000000
                 21.000000000000000
                 21.000000000000000
                 21.000000000000000
                 21.000000000000000
                 21.000000000000000
                 21.000000000000000
                 21.000000000000000
                 21.000000000000000
                 21.000000000000000
                 21.000000000000000
                 21.000000000000000
                 21.000000000000000
                 21.000000000000000
                 21.000000000000000
                 21.000000000000000
                 21.000000000000000
                 16.464730000000000
                 20.014080000000000
                 21.000000000000000
                 21.000000000000000
                 21.000000000000000
                 21.000000000000000
                 21.000000000000000
                 21.000000000000000
                 21.000000000000000
                 21.000000000000000
                 21.000000000000000
                 21.000000000000000
                 21.000000000000000
                 21.000000000000000
                 21.000000000000000
                 21.000000000000000
                 21.000000000000000
                 21.000000000000000
                 21.000000000000000
                 21.000000000000000
                 21.000000000000000
                 21.000000000000000
                 15.542570000000000
                 18.896920000000000
                 21.000000000000000
                 21.000000000000000
                 21.000000000000000
                 21.000000000000000
                 21.000000000000000
                 21.000000000000000
                 21.000000000000000
                 21.000000000000000
                 21.000000000000000
                 21.000000000000000
                 21.000000000000000
                 21.000000000000000
                 21.000000000000000
                 21.000000000000000
                 21.000000000000000
                 21.000000000000000
                 21.000000000000000
                 21.000000000000000
                 21.000000000000000
                 21.000000000000000
                 14.647190000000000
                 17.811840000000000
                 21.000000000000000
                 21.000000000000000
                 21.000000000000000
                 21.000000000000000
                 21.000000000000000
                 21.000000000000000
                 21.000000000000000
                 21.000000000000000
                 21.000000000000000
                 21.000000000000000
                 21.000000000000000
                 21.000000000000000
                 21.000000000000000
                 21.000000000000000
                 21.000000000000000
                 21.000000000000000
                 21.000000000000000
                 21.000000000000000
                 21.000000000000000
                 21.000000000000000
                 13.778280000000000
                 16.758500000000000
                 20.809740000000000
                 21.000000000000000
                 21.000000000000000
                 21.000000000000000
                 21.000000000000000
                 21.000000000000000
                 21.000000000000000
                 21.000000000000000
                 21.000000000000000
                 21.000000000000000
                 21.000000000000000
                 21.000000000000000
                 21.000000000000000
                 21.000000000000000
                 21.000000000000000
                 21.000000000000000
                 21.000000000000000
                 21.000000000000000
                 21.000000000000000
                 21.000000000000000
                 12.935670000000000
                 15.736700000000000
                 19.546080000000000
                 21.000000000000000
                 21.000000000000000
                 21.000000000000000
                 21.000000000000000
                 21.000000000000000
                 21.000000000000000
                 21.000000000000000
                 21.000000000000000
                 21.000000000000000
                 21.000000000000000
                 21.000000000000000
                 21.000000000000000
                 21.000000000000000
                 21.000000000000000
                 21.000000000000000
                 21.000000000000000
                 21.000000000000000
                 21.000000000000000
                 21.000000000000000
                 12.119230000000000
                 14.746310000000000
                 18.320740000000000
                 21.000000000000000
                 21.000000000000000
                 21.000000000000000
                 21.000000000000000
                 21.000000000000000
                 21.000000000000000
                 21.000000000000000
                 21.000000000000000
                 21.000000000000000
                 21.000000000000000
                 21.000000000000000
                 21.000000000000000
                 21.000000000000000
                 21.000000000000000
                 21.000000000000000
                 21.000000000000000
                 21.000000000000000
                 21.000000000000000
                 21.000000000000000
                 11.328990000000000
                 13.787420000000000
                 17.133850000000000
                 21.000000000000000
                 21.000000000000000
                 21.000000000000000
                 21.000000000000000
                 21.000000000000000
                 21.000000000000000
                 21.000000000000000
                 21.000000000000000
                 21.000000000000000
                 21.000000000000000
                 21.000000000000000
                 21.000000000000000
                 21.000000000000000
                 21.000000000000000
                 21.000000000000000
                 21.000000000000000
                 21.000000000000000
                 21.000000000000000
                 21.000000000000000
                 10.565220000000000
                 12.860330000000000
                 15.985860000000000
                 20.391350000000000
                 21.000000000000000
                 21.000000000000000
                 21.000000000000000
                 21.000000000000000
                 21.000000000000000
                 21.000000000000000
                 21.000000000000000
                 21.000000000000000
                 21.000000000000000
                 21.000000000000000
                 21.000000000000000
                 21.000000000000000
                 21.000000000000000
                 21.000000000000000
                 21.000000000000000
                 21.000000000000000
                 21.000000000000000
                 21.000000000000000
                  9.828424000000000
                 11.965730000000000
                 14.877620000000000
                 18.984480000000000
                 21.000000000000000
                 21.000000000000000
                 21.000000000000000
                 21.000000000000000
                 21.000000000000000
                 21.000000000000000
                 21.000000000000000
                 21.000000000000000
                 21.000000000000000
                 21.000000000000000
                 21.000000000000000
                 21.000000000000000
                 21.000000000000000
                 21.000000000000000
                 21.000000000000000
                 21.000000000000000
                 21.000000000000000
                 21.000000000000000
                  9.119555000000000
                 11.104770000000000
                 13.810620000000000
                 17.629170000000000
                 21.000000000000000
                 21.000000000000000
                 21.000000000000000
                 21.000000000000000
                 21.000000000000000
                 21.000000000000000
                 21.000000000000000
                 21.000000000000000
                 21.000000000000000
                 21.000000000000000
                 21.000000000000000
                 21.000000000000000
                 21.000000000000000
                 21.000000000000000
                 21.000000000000000
                 21.000000000000000
                 21.000000000000000
                 21.000000000000000
                  8.440112000000000
                 10.279300000000000
                 12.787200000000000
                 16.328490000000000
                 21.000000000000000
                 21.000000000000000
                 21.000000000000000
                 21.000000000000000
                 21.000000000000000
                 21.000000000000000
                 21.000000000000000
                 21.000000000000000
                 21.000000000000000
                 21.000000000000000
                 21.000000000000000
                 21.000000000000000
                 21.000000000000000
                 21.000000000000000
                 21.000000000000000
                 21.000000000000000
                 21.000000000000000
                 21.000000000000000
                  7.792432000000000
                  9.492198000000000
                 11.810960000000000
                 15.087080000000000
                 19.839330000000000
                 21.000000000000000
                 21.000000000000000
                 21.000000000000000
                 21.000000000000000
                 21.000000000000000
                 21.000000000000000
                 21.000000000000000
                 21.000000000000000
                 21.000000000000000
                 21.000000000000000
                 21.000000000000000
                 21.000000000000000
                 21.000000000000000
                 21.000000000000000
                 21.000000000000000
                 21.000000000000000
                 21.000000000000000
                  7.180099000000000
                  8.747844000000000
                 10.887390000000000
                 13.912040000000000
                 18.203280000000000
                 21.000000000000000
                 21.000000000000000
                 21.000000000000000
                 21.000000000000000
                 21.000000000000000
                 21.000000000000000
                 21.000000000000000
                 21.000000000000000
                 21.000000000000000
                 21.000000000000000
                 21.000000000000000
                 21.000000000000000
                 21.000000000000000
                 21.000000000000000
                 21.000000000000000
                 21.000000000000000
                 21.000000000000000
                  6.608687000000000
                  8.053049000000000
                 10.025010000000000
                 12.814300000000000
                 16.619560000000000
                 19.396850000000000
                 21.000000000000000
                 21.000000000000000
                 21.000000000000000
                 21.000000000000000
                 21.000000000000000
                 21.000000000000000
                 21.000000000000000
                 21.000000000000000
                 21.000000000000000
                 21.000000000000000
                 21.000000000000000
                 21.000000000000000
                 21.000000000000000
                 21.000000000000000
                 21.000000000000000
                 21.000000000000000
                  6.086994000000000
                  7.418564000000000
                  9.237230000000000
                 11.811080000000000
                 14.958140000000000
                 17.192620000000000
                 18.922230000000000
                 20.783430000000000
                 21.000000000000000
                 21.000000000000000
                 21.000000000000000
                 21.000000000000000
                 21.000000000000000
                 21.000000000000000
                 21.000000000000000
                 21.000000000000000
                 21.000000000000000
                 21.000000000000000
                 21.000000000000000
                 21.000000000000000
                 21.000000000000000
                 21.000000000000000
                  5.626208000000000
                  6.858046000000000
                  8.541120000000000
                 10.906640000000000
                 13.399980000000000
                 15.102680000000000
                 16.578140000000000
                 18.158270000000000
                 19.828510000000000
                 21.000000000000000
                 21.000000000000000
                 21.000000000000000
                 21.000000000000000
                 21.000000000000000
                 21.000000000000000
                 21.000000000000000
                 21.000000000000000
                 21.000000000000000
                 21.000000000000000
                 21.000000000000000
                 21.000000000000000
                 21.000000000000000
                  5.233122000000000
                  6.379823000000000
                  7.947105000000000
                 10.000610000000000
                 11.865610000000000
                 13.117840000000000
                 14.353550000000000
                 15.669100000000000
                 17.051020000000000
                 18.479950000000000
                 19.930640000000000
                 21.000000000000000
                 21.000000000000000
                 21.000000000000000
                 21.000000000000000
                 21.000000000000000
                 21.000000000000000
                 21.000000000000000
                 21.000000000000000
                 21.000000000000000
                 21.000000000000000
                 21.000000000000000
                  4.899755000000000
                  5.974219000000000
                  7.388716000000000
                  8.914857000000000
                 10.236950000000000
                 11.196570000000000
                 12.204160000000000
                 13.268950000000000
                 14.378750000000000
                 15.516870000000000
                 16.662270000000000
                 17.790330000000000
                 18.874080000000000
                 19.885940000000000
                 20.799710000000000
                 21.000000000000000
                 21.000000000000000
                 21.000000000000000
                 21.000000000000000
                 21.000000000000000
                 21.000000000000000
                 21.000000000000000
                  4.588789000000000
                  5.541085000000000
                  6.626235000000000
                  7.713820000000000
                  8.512743000000000
                  9.254642000000000
                 10.041000000000000
                 10.864380000000000
                 11.714190000000000
                 12.576620000000000
                 13.434910000000000
                 14.270040000000000
                 15.061770000000000
                 15.789960000000000
                 16.435990000000000
                 16.984160000000000
                 17.422710000000000
                 17.744530000000000
                 17.947290000000000
                 18.033210000000000
                 18.008390000000000
                 17.881960000000000
                  4.106641000000000
                  4.763821000000000
                  5.486474000000000
                  6.111859000000000
                  6.631493000000000
                  7.172095000000000
                  7.738977000000000
                  8.325757000000000
                  8.923921000000000
                  9.522911000000000
                 10.110440000000000
                 10.673040000000000
                 11.196880000000000
                 11.668640000000000
                 12.076490000000000
                 12.410950000000000
                 12.665450000000000
                 12.836700000000000
                 12.924650000000000
                 12.932220000000000
                 12.864780000000000
                 12.729540000000000
                  3.104378000000000
                  3.522774000000000
                  3.866971000000000
                  4.187155000000000
                  4.509101000000000
                  4.846054000000000
                  5.194520000000000
                  5.549829000000000
                  5.906145000000000
                  6.256599000000000
                  6.593554000000000
                  6.908998000000000
                  7.195038000000000
                  7.444441000000000
                  7.651145000000000
                  7.810673000000000
                  7.920399000000000
                  7.979631000000000
                  7.989514000000000
                  7.952789000000000
                  7.873463000000000
                  7.756411000000000
                  1.648063000000000
                  1.784852000000000
                  1.912612000000000
                  2.046578000000000
                  2.185679000000000
                  2.328430000000000
                  2.472903000000000
                  2.616744000000000
                  2.757212000000000
                  2.891288000000000
                  3.015815000000000
                  3.127687000000000
                  3.224050000000000
                  3.302503000000000
                  3.361266000000000
                  3.399292000000000
                  3.416310000000000
                  3.412800000000000
                  3.389904000000000
                  3.349300000000000
                  3.293041000000000
                  3.223404000000000
