 ephi(??)
               1282.964000000000000
               1140.356000000000000
               1000.476000000000000
                864.350600000000000
                732.921900000000000
                607.046300000000000
                487.495500000000000
                374.956100000000000
                270.030200000000000
                173.234600000000000
                 85.001340000000000
                  5.677437000000000
                -64.474930000000000
               -125.278600000000000
               -176.641200000000000
               -218.555500000000000
               -251.090000000000000
               -273.897700000000000
               -285.012800000000000
               -280.072600000000000
               -252.665900000000000
               -196.372900000000000
               -109.445400000000000
                 -1.915928000000000
                100.000000000000000
                   .000000000000000
