 vintrinC(24)
                   .000188314100000
                   .001493823000000
                   .004442172000000
                   .008802855000000
                   .021673960000000
                   .048463090000000
                   .107272000000000
                   .228484900000000
                   .473514600000000
                   .956615300000000
                  1.878664000000000
                  3.587619000000000
                  6.649289000000000
                 11.935930000000000
                 20.677420000000000
                 34.390480000000000
                 54.464860000000000
                 81.296760000000000
                113.782900000000000
                151.674400000000000
                207.541100000000000
                371.780900000000000
               1051.135000000000000
               2650.616000000000000
