 Tion(24)
               1044.109000000000000
               1026.594000000000000
               1008.669000000000000
                990.250900000000000
                971.255700000000000
                951.600900000000000
                931.203100000000000
                909.979100000000000
                887.845800000000000
                864.719900000000000
                840.518300000000000
                815.157800000000000
                788.555200000000000
                760.627300000000000
                731.290900000000000
                700.462800000000000
                668.059800000000000
                633.998800000000000
                598.196500000000000
                560.569700000000000
                521.035300000000000
                479.510100000000000
                435.910800000000000
                390.154300000000000
                342.157400000000000
                   .000000000000000
