 xmorblc(24)
                   .000000001293076
                   .000000010344610
                   .000000031033820
                   .000000062067640
                   .000000154307100
                   .000000348576400
                   .000000779971200
                   .000001680568000
                   .000003525972000
                   .000007217950000
                   .000014377710000
                   .000027880440000
                   .000052537990000
                   .000096025050000
                   .000169654600000
                   .000288310200000
                   .000467544500000
                   .000716379700000
                   .001032213000000
                   .001421385000000
                   .002017367000000
                   .003767059000000
                   .011170540000000
                   .029774390000000
