 eorbl(24)
                   .003588346000000
                   .007884861000000
                   .009963287000000
                   .012571400000000
                   .015647900000000
                   .019442280000000
                   .024081330000000
                   .029457520000000
                   .035939520000000
                   .043835760000000
                   .052852800000000
                   .063757580000000
                   .077280640000000
                   .093574670000000
                   .114724300000000
                   .143473400000000
                   .182243000000000
                   .235242700000000
                   .302279000000000
                   .376672300000000
                   .442742000000000
                   .483519000000000
                   .498191900000000
                   .499995800000000
                   .000000000000000
                   .000000000000000
