 minEtta(22,24)
                  4.642354000000000
                  5.704039000000000
                  7.182564000000000
                  9.333489000000000
                 12.649340000000000
                 17.036320000000000
                 19.615960000000000
                 21.000000000000000
                 21.000000000000000
                 21.000000000000000
                 21.000000000000000
                 21.000000000000000
                 21.000000000000000
                 21.000000000000000
                 21.000000000000000
                 21.000000000000000
                 21.000000000000000
                 21.000000000000000
                 21.000000000000000
                 21.000000000000000
                 21.000000000000000
                 21.000000000000000
                  3.766770000000000
                  4.577108000000000
                  5.676207000000000
                  7.216873000000000
                  9.465539000000000
                 12.917300000000000
                 18.362830000000000
                 20.811000000000000
                 21.000000000000000
                 21.000000000000000
                 21.000000000000000
                 21.000000000000000
                 21.000000000000000
                 21.000000000000000
                 21.000000000000000
                 21.000000000000000
                 21.000000000000000
                 21.000000000000000
                 21.000000000000000
                 21.000000000000000
                 21.000000000000000
                 21.000000000000000
                  3.491957000000000
                  4.244235000000000
                  5.265174000000000
                  6.697412000000000
                  8.790170000000000
                 11.839210000000000
                 16.126460000000000
                 19.367660000000000
                 21.000000000000000
                 21.000000000000000
                 21.000000000000000
                 21.000000000000000
                 21.000000000000000
                 21.000000000000000
                 21.000000000000000
                 21.000000000000000
                 21.000000000000000
                 21.000000000000000
                 21.000000000000000
                 21.000000000000000
                 21.000000000000000
                 21.000000000000000
                  3.218178000000000
                  3.912449000000000
                  4.855210000000000
                  6.178823000000000
                  8.115033000000000
                 10.861580000000000
                 13.429990000000000
                 16.772230000000000
                 20.249760000000000
                 21.000000000000000
                 21.000000000000000
                 21.000000000000000
                 21.000000000000000
                 21.000000000000000
                 21.000000000000000
                 21.000000000000000
                 21.000000000000000
                 21.000000000000000
                 21.000000000000000
                 21.000000000000000
                 21.000000000000000
                 21.000000000000000
                  2.959922000000000
                  3.599374000000000
                  4.468194000000000
                  5.688965000000000
                  7.476742000000000
                 10.027360000000000
                 11.734400000000000
                 13.486470000000000
                 15.483410000000000
                 17.725000000000000
                 20.193070000000000
                 21.000000000000000
                 21.000000000000000
                 21.000000000000000
                 21.000000000000000
                 21.000000000000000
                 21.000000000000000
                 21.000000000000000
                 21.000000000000000
                 21.000000000000000
                 21.000000000000000
                 21.000000000000000
                  2.703570000000000
                  3.288455000000000
                  4.083595000000000
                  5.201723000000000
                  6.841028000000000
                  9.194746000000000
                 10.621750000000000
                 11.858470000000000
                 13.209280000000000
                 14.663580000000000
                 16.202620000000000
                 17.799070000000000
                 19.417660000000000
                 21.000000000000000
                 21.000000000000000
                 21.000000000000000
                 21.000000000000000
                 21.000000000000000
                 21.000000000000000
                 21.000000000000000
                 21.000000000000000
                 21.000000000000000
                  2.450787000000000
                  2.981723000000000
                  3.703937000000000
                  4.720319000000000
                  6.212133000000000
                  8.369132000000000
                  9.677395000000000
                 10.798920000000000
                 12.023110000000000
                 13.340300000000000
                 14.733490000000000
                 16.178010000000000
                 17.642080000000000
                 19.088510000000000
                 20.477290000000000
                 21.000000000000000
                 21.000000000000000
                 21.000000000000000
                 21.000000000000000
                 21.000000000000000
                 21.000000000000000
                 21.000000000000000
                  2.213303000000000
                  2.693455000000000
                  3.346964000000000
                  4.267385000000000
                  5.619877000000000
                  7.590591000000000
                  8.786880000000000
                  9.800599000000000
                 10.906430000000000
                 12.095580000000000
                 13.352720000000000
                 14.655630000000000
                 15.975800000000000
                 17.279850000000000
                 18.531930000000000
                 19.696570000000000
                 20.741650000000000
                 21.000000000000000
                 21.000000000000000
                 21.000000000000000
                 21.000000000000000
                 21.000000000000000
                  1.980452000000000
                  2.410681000000000
                  2.996581000000000
                  3.822430000000000
                  5.037330000000000
                  6.822861000000000
                  7.908227000000000
                  8.816616000000000
                  9.806966000000000
                 10.871360000000000
                 11.996080000000000
                 13.161330000000000
                 14.341710000000000
                 15.507540000000000
                 16.626960000000000
                 17.668440000000000
                 18.603410000000000
                 19.408490000000000
                 20.066980000000000
                 20.569630000000000
                 20.914370000000000
                 21.000000000000000
                  1.751049000000000
                  2.131967000000000
                  2.651009000000000
                  3.383198000000000
                  4.461533000000000
                  6.061689000000000
                  7.036302000000000
                  7.841192000000000
                  8.718227000000000
                  9.660370000000000
                 10.655490000000000
                 11.686130000000000
                 12.729930000000000
                 13.760800000000000
                 14.750730000000000
                 15.671990000000000
                 16.499450000000000
                 17.212500000000000
                 17.796430000000000
                 18.242960000000000
                 18.550210000000000
                 18.721890000000000
                  1.539994000000000
                  1.875458000000000
                  2.332824000000000
                  2.978521000000000
                  3.930551000000000
                  5.356482000000000
                  6.230782000000000
                  6.940755000000000
                  7.713980000000000
                  8.544237000000000
                  9.420854000000000
                 10.328510000000000
                 11.247620000000000
                 12.155330000000000
                 13.027130000000000
                 13.838730000000000
                 14.568120000000000
                 15.197200000000000
                 15.713010000000000
                 16.108260000000000
                 16.381160000000000
                 16.534890000000000
                  1.336618000000000
                  1.628176000000000
                  2.025908000000000
                  2.587857000000000
                  3.417347000000000
                  4.666178000000000
                  5.448771000000000
                  6.067407000000000
                  6.740858000000000
                  7.463702000000000
                  8.226670000000000
                  9.016488000000000
                  9.816199000000000
                 10.606040000000000
                 11.364790000000000
                 12.071460000000000
                 12.706950000000000
                 13.255580000000000
                 13.706060000000000
                 14.052000000000000
                 14.291760000000000
                 14.428000000000000
                  1.140694000000000
                  1.389851000000000
                  1.729936000000000
                  2.210814000000000
                  2.921437000000000
                  3.997512000000000
                  4.688911000000000
                  5.219552000000000
                  5.796993000000000
                  6.416588000000000
                  7.070418000000000
                  7.747163000000000
                  8.432376000000000
                  9.109219000000000
                  9.759622000000000
                 10.365680000000000
                 10.911110000000000
                 11.382500000000000
                 11.770170000000000
                 12.068580000000000
                 12.276260000000000
                 12.395390000000000
                   .962660700000000
                  1.173214000000000
                  1.460769000000000
                  1.867689000000000
                  2.469701000000000
                  3.387299000000000
                  3.994159000000000
                  4.444921000000000
                  4.935296000000000
                  5.461345000000000
                  6.016377000000000
                  6.590837000000000
                  7.172531000000000
                  7.747254000000000
                  8.299749000000000
                  8.814897000000000
                  9.278921000000000
                  9.680449000000000
                 10.011240000000000
                 10.266550000000000
                 10.445050000000000
                 10.548500000000000
                   .795210200000000
                   .969371500000000
                  1.207360000000000
                  1.544402000000000
                  2.043598000000000
                  2.810286000000000
                  3.334938000000000
                  3.710505000000000
                  4.119006000000000
                  4.557176000000000
                  5.019475000000000
                  5.497997000000000
                  5.982647000000000
                  6.461669000000000
                  6.922419000000000
                  7.352357000000000
                  7.740037000000000
                  8.075987000000000
                  8.353317000000000
                  8.568012000000000
                  8.718897000000000
                  8.807350000000000
                   .638778100000000
                   .778865200000000
                   .970399400000000
                  1.241865000000000
                  1.644390000000000
                  2.268195000000000
                  2.712871000000000
                  3.018012000000000
                  3.349904000000000
                  3.705920000000000
                  4.081599000000000
                  4.470560000000000
                  4.864659000000000
                  5.254397000000000
                  5.629553000000000
                  5.979965000000000
                  6.296349000000000
                  6.570987000000000
                  6.798244000000000
                  6.974796000000000
                  7.099618000000000
                  7.173758000000000
                   .499283400000000
                   .608923700000000
                   .758913500000000
                   .971662800000000
                  1.287482000000000
                  1.782242000000000
                  2.152748000000000
                  2.394886000000000
                  2.658304000000000
                  2.940948000000000
                  3.239313000000000
                  3.548379000000000
                  3.861729000000000
                  4.171862000000000
                  4.470693000000000
                  4.750170000000000
                  5.002913000000000
                  5.222768000000000
                  5.405212000000000
                  5.547544000000000
                  5.648881000000000
                  5.709980000000000
                   .374377000000000
                   .456696500000000
                   .569373700000000
                   .729322200000000
                   .967027700000000
                  1.341934000000000
                  1.644450000000000
                  1.829728000000000
                  2.031388000000000
                  2.247890000000000
                  2.476594000000000
                  2.713694000000000
                  2.954314000000000
                  3.192736000000000
                  3.422786000000000
                  3.638294000000000
                  3.833585000000000
                  4.003904000000000
                  4.145732000000000
                  4.256938000000000
                  4.336775000000000
                  4.385761000000000
                   .266215000000000
                   .324827800000000
                   .405100600000000
                   .519138400000000
                   .688805100000000
                   .956863600000000
                  1.197948000000000
                  1.333524000000000
                  1.481229000000000
                  1.639978000000000
                  1.807874000000000
                  1.982171000000000
                  2.159322000000000
                  2.335155000000000
                  2.505147000000000
                  2.664755000000000
                  2.809784000000000
                  2.936700000000000
                  3.042858000000000
                  3.126628000000000
                  3.187397000000000
                  3.225482000000000
                   .174583100000000
                   .213071300000000
                   .265811900000000
                   .340794800000000
                   .452481300000000
                   .629242600000000
                   .812897900000000
                   .905773500000000
                  1.007145000000000
                  1.116312000000000
                  1.232018000000000
                  1.352411000000000
                  1.475080000000000
                  1.597168000000000
                  1.715553000000000
                  1.827084000000000
                  1.928827000000000
                  2.018289000000000
                  2.093584000000000
                  2.153518000000000
                  2.197602000000000
                  2.225994000000000
                   .100538500000000
                   .122731800000000
                   .153160200000000
                   .196454700000000
                   .261014300000000
                   .363368000000000
                   .492067900000000
                   .550493100000000
                   .613355000000000
                   .681298200000000
                   .753587500000000
                   .829109300000000
                   .906387100000000
                   .983645800000000
                  1.058925000000000
                  1.130224000000000
                  1.195660000000000
                  1.253611000000000
                  1.302828000000000
                  1.342495000000000
                  1.372238000000000
                  1.392100000000000
                   .046276810000000
                   .056505310000000
                   .070536960000000
                   .090517040000000
                   .120344500000000
                   .167715800000000
                   .243015500000000
                   .278616300000000
                   .311793200000000
                   .347917800000000
                   .386649100000000
                   .427434200000000
                   .469509900000000
                   .511932800000000
                   .553636400000000
                   .593510700000000
                   .630490100000000
                   .663636600000000
                   .692206000000000
                   .715687000000000
                   .733813300000000
                   .746551300000000
                   .012193560000000
                   .014892170000000
                   .018596210000000
                   .023874580000000
                   .031763410000000
                   .044314270000000
                   .066069770000000
                   .091987690000000
                   .104263700000000
                   .117905000000000
                   .132838400000000
                   .148899300000000
                   .165824600000000
                   .183258700000000
                   .200772600000000
                   .217895500000000
                   .234153300000000
                   .249108100000000
                   .262391400000000
                   .273727400000000
                   .282943600000000
                   .289969000000000
                   .000009571283000
                   .000011692260000
                   .000014605090000
                   .000018759180000
                   .000024974750000
                   .000034881000000
                   .000052103380000
                   .000086120910000
                   .000168753300000
                   .000468319100000
                   .001563857000000
                   .002527354000000
                   .004000382000000
                   .006057520000000
                   .008684687000000
                   .011789420000000
                   .015229960000000
                   .018844360000000
                   .022473040000000
                   .025974280000000
                   .029233160000000
                   .032165270000000
                 21.000000000000000
                 21.000000000000000
                 21.000000000000000
                 21.000000000000000
                 21.000000000000000
                 21.000000000000000
                 21.000000000000000
                 21.000000000000000
                 21.000000000000000
                 21.000000000000000
                 21.000000000000000
                 21.000000000000000
                 21.000000000000000
                 21.000000000000000
                 21.000000000000000
                 21.000000000000000
                 21.000000000000000
                 21.000000000000000
                 21.000000000000000
                 21.000000000000000
                 21.000000000000000
                 21.000000000000000
                 21.000000000000000
                 21.000000000000000
                 21.000000000000000
                 21.000000000000000
                 21.000000000000000
                 21.000000000000000
                 21.000000000000000
                 21.000000000000000
                 21.000000000000000
                 21.000000000000000
                 21.000000000000000
                 21.000000000000000
                 21.000000000000000
                 21.000000000000000
                 21.000000000000000
                 21.000000000000000
                 21.000000000000000
                 21.000000000000000
                 21.000000000000000
                 21.000000000000000
                 21.000000000000000
                 21.000000000000000
                 20.951740000000000
                 21.000000000000000
                 21.000000000000000
                 21.000000000000000
                 21.000000000000000
                 21.000000000000000
                 21.000000000000000
                 21.000000000000000
                 21.000000000000000
                 21.000000000000000
                 21.000000000000000
                 21.000000000000000
                 21.000000000000000
                 21.000000000000000
                 21.000000000000000
                 21.000000000000000
                 21.000000000000000
                 21.000000000000000
                 21.000000000000000
                 21.000000000000000
                 21.000000000000000
                 21.000000000000000
                 19.309060000000000
                 21.000000000000000
                 21.000000000000000
                 21.000000000000000
                 21.000000000000000
                 21.000000000000000
                 21.000000000000000
                 21.000000000000000
                 21.000000000000000
                 21.000000000000000
                 21.000000000000000
                 21.000000000000000
                 21.000000000000000
                 21.000000000000000
                 21.000000000000000
                 21.000000000000000
                 21.000000000000000
                 21.000000000000000
                 21.000000000000000
                 21.000000000000000
                 21.000000000000000
                 21.000000000000000
                 17.759530000000000
                 21.000000000000000
                 21.000000000000000
                 21.000000000000000
                 21.000000000000000
                 21.000000000000000
                 21.000000000000000
                 21.000000000000000
                 21.000000000000000
                 21.000000000000000
                 21.000000000000000
                 21.000000000000000
                 21.000000000000000
                 21.000000000000000
                 21.000000000000000
                 21.000000000000000
                 21.000000000000000
                 21.000000000000000
                 21.000000000000000
                 21.000000000000000
                 21.000000000000000
                 21.000000000000000
                 16.221420000000000
                 19.730730000000000
                 21.000000000000000
                 21.000000000000000
                 21.000000000000000
                 21.000000000000000
                 21.000000000000000
                 21.000000000000000
                 21.000000000000000
                 21.000000000000000
                 21.000000000000000
                 21.000000000000000
                 21.000000000000000
                 21.000000000000000
                 21.000000000000000
                 21.000000000000000
                 21.000000000000000
                 21.000000000000000
                 21.000000000000000
                 21.000000000000000
                 21.000000000000000
                 21.000000000000000
                 14.704720000000000
                 17.890340000000000
                 21.000000000000000
                 21.000000000000000
                 21.000000000000000
                 21.000000000000000
                 21.000000000000000
                 21.000000000000000
                 21.000000000000000
                 21.000000000000000
                 21.000000000000000
                 21.000000000000000
                 21.000000000000000
                 21.000000000000000
                 21.000000000000000
                 21.000000000000000
                 21.000000000000000
                 21.000000000000000
                 21.000000000000000
                 21.000000000000000
                 21.000000000000000
                 21.000000000000000
                 13.279820000000000
                 16.160730000000000
                 20.081790000000000
                 21.000000000000000
                 21.000000000000000
                 21.000000000000000
                 21.000000000000000
                 21.000000000000000
                 21.000000000000000
                 21.000000000000000
                 21.000000000000000
                 21.000000000000000
                 21.000000000000000
                 21.000000000000000
                 21.000000000000000
                 21.000000000000000
                 21.000000000000000
                 21.000000000000000
                 21.000000000000000
                 21.000000000000000
                 21.000000000000000
                 21.000000000000000
                 11.882710000000000
                 14.464090000000000
                 17.979490000000000
                 21.000000000000000
                 21.000000000000000
                 21.000000000000000
                 21.000000000000000
                 21.000000000000000
                 21.000000000000000
                 21.000000000000000
                 21.000000000000000
                 21.000000000000000
                 21.000000000000000
                 21.000000000000000
                 21.000000000000000
                 21.000000000000000
                 21.000000000000000
                 21.000000000000000
                 21.000000000000000
                 21.000000000000000
                 21.000000000000000
                 21.000000000000000
                 10.506300000000000
                 12.791800000000000
                 15.906050000000000
                 20.299180000000000
                 21.000000000000000
                 21.000000000000000
                 21.000000000000000
                 21.000000000000000
                 21.000000000000000
                 21.000000000000000
                 21.000000000000000
                 21.000000000000000
                 21.000000000000000
                 21.000000000000000
                 21.000000000000000
                 21.000000000000000
                 21.000000000000000
                 21.000000000000000
                 21.000000000000000
                 21.000000000000000
                 21.000000000000000
                 21.000000000000000
                  9.239964000000000
                 11.252750000000000
                 13.996940000000000
                 17.871120000000000
                 21.000000000000000
                 21.000000000000000
                 21.000000000000000
                 21.000000000000000
                 21.000000000000000
                 21.000000000000000
                 21.000000000000000
                 21.000000000000000
                 21.000000000000000
                 21.000000000000000
                 21.000000000000000
                 21.000000000000000
                 21.000000000000000
                 21.000000000000000
                 21.000000000000000
                 21.000000000000000
                 21.000000000000000
                 21.000000000000000
                  8.019708000000000
                  9.769055000000000
                 12.155450000000000
                 15.527140000000000
                 20.504080000000000
                 21.000000000000000
                 21.000000000000000
                 21.000000000000000
                 21.000000000000000
                 21.000000000000000
                 21.000000000000000
                 21.000000000000000
                 21.000000000000000
                 21.000000000000000
                 21.000000000000000
                 21.000000000000000
                 21.000000000000000
                 21.000000000000000
                 21.000000000000000
                 21.000000000000000
                 21.000000000000000
                 21.000000000000000
                  6.844165000000000
                  8.339108000000000
                 10.379620000000000
                 13.264880000000000
                 17.528620000000000
                 21.000000000000000
                 21.000000000000000
                 21.000000000000000
                 21.000000000000000
                 21.000000000000000
                 21.000000000000000
                 21.000000000000000
                 21.000000000000000
                 21.000000000000000
                 21.000000000000000
                 21.000000000000000
                 21.000000000000000
                 21.000000000000000
                 21.000000000000000
                 21.000000000000000
                 21.000000000000000
                 21.000000000000000
                  5.775964000000000
                  7.039284000000000
                  8.764613000000000
                 11.206130000000000
                 14.818200000000000
                 20.323800000000000
                 21.000000000000000
                 21.000000000000000
                 21.000000000000000
                 21.000000000000000
                 21.000000000000000
                 21.000000000000000
                 21.000000000000000
                 21.000000000000000
                 21.000000000000000
                 21.000000000000000
                 21.000000000000000
                 21.000000000000000
                 21.000000000000000
                 21.000000000000000
                 21.000000000000000
                 21.000000000000000
                  4.771261000000000
                  5.816229000000000
                  7.244159000000000
                  9.266410000000000
                 12.261590000000000
                 16.861720000000000
                 20.009630000000000
                 21.000000000000000
                 21.000000000000000
                 21.000000000000000
                 21.000000000000000
                 21.000000000000000
                 21.000000000000000
                 21.000000000000000
                 21.000000000000000
                 21.000000000000000
                 21.000000000000000
                 21.000000000000000
                 21.000000000000000
                 21.000000000000000
                 21.000000000000000
                 21.000000000000000
                  3.832669000000000
                  4.673192000000000
                  5.822397000000000
                  7.451188000000000
                  9.866340000000000
                 13.609170000000000
                 16.277230000000000
                 18.108070000000000
                 20.099420000000000
                 21.000000000000000
                 21.000000000000000
                 21.000000000000000
                 21.000000000000000
                 21.000000000000000
                 21.000000000000000
                 21.000000000000000
                 21.000000000000000
                 21.000000000000000
                 21.000000000000000
                 21.000000000000000
                 21.000000000000000
                 21.000000000000000
                  2.995701000000000
                  3.653542000000000
                  4.553481000000000
                  5.829977000000000
                  7.724890000000000
                 10.693450000000000
                 12.916490000000000
                 14.369320000000000
                 15.949830000000000
                 17.645690000000000
                 19.435880000000000
                 21.000000000000000
                 21.000000000000000
                 21.000000000000000
                 21.000000000000000
                 21.000000000000000
                 21.000000000000000
                 21.000000000000000
                 21.000000000000000
                 21.000000000000000
                 21.000000000000000
                 21.000000000000000
                  2.246262000000000
                  2.740179000000000
                  3.416242000000000
                  4.375934000000000
                  5.802166000000000
                  8.051603000000000
                  9.866699000000000
                 10.978370000000000
                 12.188320000000000
                 13.487340000000000
                 14.859560000000000
                 16.282160000000000
                 17.725880000000000
                 19.156420000000000
                 20.536720000000000
                 21.000000000000000
                 21.000000000000000
                 21.000000000000000
                 21.000000000000000
                 21.000000000000000
                 21.000000000000000
                 21.000000000000000
                  1.597290000000000
                  1.948967000000000
                  2.430604000000000
                  3.114830000000000
                  4.132831000000000
                  5.741181000000000
                  7.187690000000000
                  8.001145000000000
                  8.887374000000000
                  9.839866000000000
                 10.847250000000000
                 11.893020000000000
                 12.955930000000000
                 14.010930000000000
                 15.030880000000000
                 15.988530000000000
                 16.858710000000000
                 17.620200000000000
                 18.257150000000000
                 18.759770000000000
                 19.124380000000000
                 19.352890000000000
                  1.047498000000000
                  1.278428000000000
                  1.594872000000000
                  2.044769000000000
                  2.714888000000000
                  3.775455000000000
                  4.877387000000000
                  5.434641000000000
                  6.042869000000000
                  6.697874000000000
                  7.392107000000000
                  8.114464000000000
                  8.850479000000000
                  9.583009000000000
                 10.293320000000000
                 10.962500000000000
                 11.572960000000000
                 12.109740000000000
                 12.561510000000000
                 12.921110000000000
                 13.185610000000000
                 13.355960000000000
                   .603231300000000
                   .736391100000000
                   .918961300000000
                  1.178728000000000
                  1.566086000000000
                  2.180208000000000
                  2.952407000000000
                  3.302958000000000
                  3.680130000000000
                  4.087790000000000
                  4.521525000000000
                  4.974656000000000
                  5.438322000000000
                  5.901875000000000
                  6.353550000000000
                  6.781344000000000
                  7.173958000000000
                  7.521667000000000
                  7.816970000000000
                  8.054969000000000
                  8.233428000000000
                  8.352599000000000
                   .277660800000000
                   .339031900000000
                   .423221700000000
                   .543102200000000
                   .722067100000000
                  1.006295000000000
                  1.458093000000000
                  1.671698000000000
                  1.870759000000000
                  2.087507000000000
                  2.319895000000000
                  2.564605000000000
                  2.817060000000000
                  3.071596000000000
                  3.321819000000000
                  3.561064000000000
                  3.782941000000000
                  3.981820000000000
                  4.153236000000000
                  4.294122000000000
                  4.402880000000000
                  4.479308000000000
                   .073161390000000
                   .089353000000000
                   .111577200000000
                   .143247500000000
                   .190580400000000
                   .265885600000000
                   .396418600000000
                   .551926200000000
                   .625582000000000
                   .707430100000000
                   .797030400000000
                   .893395500000000
                   .994947400000000
                  1.099552000000000
                  1.204636000000000
                  1.307373000000000
                  1.404920000000000
                  1.494648000000000
                  1.574348000000000
                  1.642365000000000
                  1.697661000000000
                  1.739814000000000
                   .000057427700000
                   .000070153590000
                   .000087630530000
                   .000112555100000
                   .000149848500000
                   .000209286000000
                   .000312620300000
                   .000516725500000
                   .001012520000000
                   .002809915000000
                   .009383143000000
                   .015164120000000
                   .024002290000000
                   .036345120000000
                   .052108130000000
                   .070736490000000
                   .091379740000000
                   .113066200000000
                   .134838300000000
                   .155845700000000
                   .175399000000000
                   .192991600000000
