 forblC(24)
                   .000000000000000
                   .000000000000000
                   .000000000000000
                   .000000000000000
                   .000000010699920
                   .000000019871280
                   .000000055028160
                   .000000192598600
                   .000000706194700
                   .000002673451000
                   .000009221802000
                   .000030633870000
                   .000097974600000
                   .000283928500000
                   .000779779500000
                   .002029303000000
                   .004838097000000
                   .010755140000000
                   .022115410000000
                   .042743060000000
                   .080370670000000
                   .157717400000000
                   .326212100000000
                   .494046300000000
