 xmorblc(24)
                   .000000000000000
                   .000000000000000
                   .000000000000000
                   .000000000000000
                   .000000010344610
                   .000000031033820
                   .000000153014000
                   .000000563842600
                   .000002100879000
                   .000007619050000
                   .000024910310000
                   .000077708760000
                   .000231750400000
                   .000623648300000
                   .001578292000000
                   .003748858000000
                   .008093121000000
                   .016100180000000
                   .029221290000000
                   .048657760000000
                   .073723210000000
                   .090355720000000
                   .052502570000000
                   .001105886000000
