 ion orbit loss particle, momentum and energy
 soln = .000E+00 .000E+00 .000E+00 .000E+00 .000E+00 .000E+00 .000E+00 .000E+00
 solv = .000E+00 .000E+00 .000E+00 .000E+00 .000E+00 .000E+00 .000E+00 .000E+00
 sole = .000E+00 .000E+00 .000E+00 .000E+00 .000E+00 .000E+00 .000E+00 .000E+00
 mesh  gamcon   gamorb  gamsum    gamiller 
   1 .000E+00 .000E+00 .000E+00 .000E+00
   2 .589E+00 .000E+00 .589E+00 .100E+01
   3 .000E+00 .000E+00 .000E+00 .000E+00
   4 .000E+00 .000E+00 .000E+00 .000E+00
   5 .000E+00 .000E+00 .000E+00 .000E+00
   6 .000E+00-.332E+20-.332E+20 .000E+00
   7 .000E+00-.332E+20-.332E+20 .000E+00
   8 .000E+00-.332E+20-.332E+20 .000E+00
   9 .000E+00-.332E+20-.332E+20 .000E+00
  10 .000E+00 .000E+00 .000E+00 .000E+00
  11 .000E+00 .000E+00 .000E+00 .000E+00
  12 .000E+00 .000E+00 .000E+00 .000E+00
  13 .000E+00 .000E+00 .000E+00 .000E+00
  14 .000E+00 .000E+00 .000E+00 .000E+00
  15 .000E+00 .000E+00 .000E+00 .000E+00
  16 .000E+00 .000E+00 .000E+00 .000E+00
  17 .000E+00 .000E+00 .000E+00 .000E+00
  18 .000E+00 .000E+00 .000E+00 .000E+00
  19 .000E+00 .000E+00 .000E+00 .000E+00
  20 .000E+00 .000E+00 .000E+00 .000E+00
  21 .000E+00 .000E+00 .000E+00 .000E+00
  22 .000E+00 .332E+20 .332E+20 .000E+00
  23 .000E+00 .332E+20 .332E+20 .000E+00
  24 .000E+00 .332E+20 .332E+20 .000E+00
  25 .000E+00 .332E+20 .332E+20 .000E+00
  26 .000E+00 .000E+00 .000E+00 .000E+00
  27 .000E+00 .000E+00 .000E+00 .000E+00
  28 .000E+00 .000E+00 .000E+00 .000E+00
  29 .000E+00 .000E+00 .000E+00 .000E+00
  30 .000E+00 .000E+00 .000E+00 .000E+00
 mesh  gamQcon  gamQorb  gamQsum gamQmiller
   1 .000E+00 .000E+00 .000E+00 .000E+00
   2 .000E+00 .000E+00 .000E+00 .000E+00
   3 .000E+00 .000E+00 .000E+00 .000E+00
   4 .000E+00 .000E+00 .000E+00 .000E+00
   5 .000E+00 .000E+00 .000E+00 .000E+00
   6 .000E+00-.256E+05-.256E+05 .000E+00
   7 .000E+00-.256E+05-.256E+05 .000E+00
   8 .000E+00-.256E+05-.256E+05 .000E+00
   9 .000E+00-.256E+05-.256E+05 .000E+00
  10 .000E+00 .000E+00 .000E+00 .000E+00
  11 .000E+00 .000E+00 .000E+00 .000E+00
  12 .000E+00 .000E+00 .000E+00 .000E+00
  13 .000E+00 .000E+00 .000E+00 .000E+00
  14 .000E+00 .000E+00 .000E+00 .000E+00
  15 .000E+00 .000E+00 .000E+00 .000E+00
  16 .000E+00 .000E+00 .000E+00 .000E+00
  17 .000E+00 .000E+00 .000E+00 .000E+00
  18 .000E+00 .000E+00 .000E+00 .000E+00
  19 .000E+00 .000E+00 .000E+00 .000E+00
  20 .000E+00 .000E+00 .000E+00 .000E+00
  21 .000E+00 .000E+00 .000E+00 .000E+00
  22 .000E+00 .256E+05 .256E+05 .000E+00
  23 .000E+00 .256E+05 .256E+05 .000E+00
  24 .000E+00 .256E+05 .256E+05 .000E+00
  25 .000E+00 .256E+05 .256E+05 .000E+00
  26 .000E+00 .000E+00 .000E+00 .000E+00
  27 .000E+00 .000E+00 .000E+00 .000E+00
  28 .000E+00 .000E+00 .000E+00 .000E+00
  29 .000E+00 .000E+00 .000E+00 .000E+00
  30 .000E+00 .000E+00 .000E+00 .000E+00
 	mesh  par_mom 
   1 .000E+00
   2 .000E+00
   3 .000E+00
   4 .000E+00
   5 .000E+00
   6-.846E-07
   7-.846E-07
   8-.846E-07
   9-.846E-07
  10 .000E+00
  11 .000E+00
  12 .000E+00
  13 .000E+00
  14 .000E+00
  15 .000E+00
  16 .000E+00
  17 .000E+00
  18 .000E+00
  19 .000E+00
  20 .000E+00
  21 .000E+00
  22 .846E-07
  23 .846E-07
  24 .846E-07
  25 .846E-07
  26 .000E+00
  27 .000E+00
  28 .000E+00
  29 .000E+00
  30 .000E+00
