     4023.138000
    24138.830000
     3738.446000
    22430.680000
     3463.626000
    20781.760000
     3198.777000
    19192.660000
     2943.974000
    17663.840000
     2699.276000
    16195.650000
     2464.709000
    14788.260000
     2240.302000
    13441.810000
     2026.125000
    12156.750000
     1822.256000
    10933.530000
     1628.791000
     9772.748000
     1445.815000
     8674.890000
     1273.359000
     7640.154000
     1111.391000
     6668.348000
      959.811700
     5758.870000
      818.497800
     4910.987000
      687.168600
     4123.012000
      565.353400
     3392.120000
      453.153600
     2718.922000
      352.199400
     2113.196000
      264.960800
     1589.765000
      192.513700
     1155.082000
      126.996000
      761.976100
       53.293710
      319.762300
