   n0    forbl   xmorbl  eorbl
  1      .000      .000      .000
  2      .000      .000      .000
  3      .000      .000      .000
  4      .000      .000      .000
  5      .000      .000      .000
  6      .000      .000      .000
  7      .000      .000      .000
  8      .000      .000      .001
  9      .000      .001      .001
 10      .000      .001      .002
 11      .001      .002      .004
 12      .002      .003      .006
 13      .003      .005      .010
 14      .005      .008      .015
 15      .008      .013      .023
 16      .014      .020      .034
 17      .022      .029      .050
 18      .036      .042      .073
 19      .058      .058      .110
 20      .097      .074      .174
 21      .170      .078      .280
 22      .293      .052      .409
 23      .433      .014      .487
 24      .500      .000      .500
   n0    forblC   xmorblC  eorblC
  1      .000      .000      .000
  2      .000      .000      .000
  3      .000      .000      .000
  4      .000      .000      .000
  5      .000      .000      .000
  6      .000      .000      .000
  7      .000      .000      .000
  8      .000      .000      .000
  9      .000      .000      .000
 10      .000      .000      .000
 11      .000      .000      .000
 12      .000      .000      .000
 13      .000      .000      .000
 14      .000      .000      .000
 15      .000      .000      .000
 16      .000      .000      .000
 17      .000      .000      .000
 18      .000      .000      .000
 19      .000      .001      .002
 20      .003      .005      .010
 21      .015      .021      .036
 22      .053      .057      .097
 23      .179      .090      .275
 24      .496      .000      .500
  n0   intrinD   intrinC  NBIreturn   Snbi      dFdr
  1  .217E+00  .000E+00  .000E+00  .000E+00  .436E-03
  2  .162E+01  .000E+00  .000E+00  .000E+00  .462E-03
  3  .300E+01  .000E+00  .000E+00  .000E+00  .881E-03
  4  .554E+01  .000E+00  .000E+00  .000E+00  .168E-02
  5  .101E+02  .000E+00  .000E+00  .000E+00  .318E-02
  6  .185E+02  .000E+00  .000E+00  .000E+00  .631E-02
  7  .342E+02  .000E+00  .000E+00  .000E+00  .114E-01
  8  .610E+02  .000E+00  .000E+00  .000E+00  .211E-01
  9  .108E+03  .000E+00  .000E+00  .000E+00  .384E-01
 10  .187E+03  .000E+00  .000E+00  .000E+00  .689E-01
 11  .321E+03  .000E+00  .000E+00  .000E+00  .125E+00
 12  .547E+03  .000E+00  .000E+00  .000E+00  .212E+00
 13  .899E+03  .000E+00  .000E+00  .000E+00  .356E+00
 14  .144E+04  .660E-03  .000E+00  .000E+00  .585E+00
 15  .225E+04  .788E-02  .000E+00  .000E+00  .943E+00
 16  .343E+04  .106E+00  .000E+00  .000E+00  .150E+01
 17  .507E+04  .119E+01  .000E+00  .000E+00  .239E+01
 18  .730E+04  .107E+02  .000E+00  .000E+00  .386E+01
 19  .100E+05  .731E+02  .000E+00  .000E+00  .681E+01
 20  .127E+05  .382E+03  .000E+00  .000E+00  .128E+02
 21  .132E+05  .146E+04  .000E+00  .000E+00  .216E+02
 22  .888E+04  .395E+04  .000E+00  .000E+00  .246E+02
 23  .239E+04  .623E+04  .000E+00  .000E+00  .117E+02
 24 -.768E+00 -.104E+02  .000E+00  .000E+00  .000E+00
 n0         ffrac1    ffrac2    ffrac3         nbdep1    nbilost   nbitot
 1         .00         .00         .00       .00      .000E+00    .000E+00
 2         .00         .00         .00       .00      .000E+00    .000E+00
 3         .00         .00         .00       .00      .000E+00    .000E+00
 4         .00         .00         .00       .00      .000E+00    .000E+00
 5         .00         .00         .00       .00      .000E+00    .000E+00
 6         .00         .00         .00       .00      .000E+00    .000E+00
 7         .00         .00         .00       .00      .000E+00    .000E+00
 8         .00         .00         .00       .00      .000E+00    .000E+00
 9         .00         .00         .00       .00      .000E+00    .000E+00
10         .00         .00         .00       .00      .000E+00    .000E+00
11         .00         .00         .00       .00      .000E+00    .000E+00
12         .00         .00         .00       .00      .000E+00    .000E+00
13         .00         .00         .00       .00      .000E+00    .000E+00
14         .00         .00         .00       .00      .000E+00    .000E+00
15         .00         .00         .00       .00      .000E+00    .000E+00
16         .00         .00         .00       .00      .000E+00    .000E+00
17         .00         .00         .00       .00      .000E+00    .000E+00
18         .00         .00         .00       .00      .000E+00    .000E+00
19         .00         .00         .00       .00      .000E+00    .000E+00
20         .00         .00         .00       .00      .000E+00    .000E+00
21         .00         .00         .00       .00      .000E+00    .000E+00
22         .00         .00         .00       .00      .000E+00    .000E+00
23         .00         .00         .00       .00      .000E+00    .000E+00
24         .00         .00         .00       .00      .000E+00    .000E+00
25         .00         .00         .00       .00      .000E+00    .000E+00
26         .00         .00         .00       .00      .000E+00    .000E+00
27         .00         .00         .00       .00      .000E+00    .000E+00
28         .00         .00         .00       .00      .000E+00    .000E+00
29         .00         .00         .00       .00      .000E+00    .000E+00
30         .00         .00         .00       .00      .000E+00    .000E+00
31         .00         .00         .00       .00      .000E+00    .000E+00
32         .00         .00         .00       .00      .000E+00    .000E+00
33         .00         .00         .00       .00      .000E+00    .000E+00
34         .00         .00         .00       .00      .000E+00    .000E+00
35         .00         .00         .00       .00      .000E+00    .000E+00
36         .00         .00         .00       .00      .000E+00    .000E+00
37         .00         .00         .00       .00      .000E+00    .000E+00
38         .00         .00         .00       .00      .000E+00    .000E+00
39         .00         .00         .00       .00      .000E+00    .000E+00
40         .00         .00         .00       .00      .000E+00    .000E+00
41         .00         .00         .00       .00      .000E+00    .000E+00
42         .00         .00         .00       .00      .000E+00    .000E+00
43         .00         .00         .00       .00      .000E+00    .000E+00
44         .00         .00         .00       .00      .000E+00    .000E+00
45         .00         .00         .00       .00      .000E+00    .000E+00
46         .00         .00         .00       .00      .000E+00    .000E+00
47         .00         .00         .00       .00      .000E+00    .000E+00
48         .00         .00         .00       .00      .000E+00    .000E+00
49         .00         .00         .00       .00      .000E+00    .000E+00
50         .00         .00         .00       .00      .000E+00    .000E+00
