 forbl(24)
                   .000000331697500
                   .000002820193000
                   .000005453902000
                   .000010481340000
                   .000020062350000
                   .000038195660000
                   .000074222290000
                   .000139380200000
                   .000259616800000
                   .000478667100000
                   .000871951800000
                   .001587292000000
                   .002796106000000
                   .004828327000000
                   .008168032000000
                   .013548000000000
                   .022080510000000
                   .035695430000000
                   .057723650000000
                   .096602400000000
                   .169698800000000
                   .292844000000000
                   .432955000000000
                   .499684400000000
                   .000000000000000
                   .000000000000000
