 xmorbl(24)
                   .000001068943000
                   .000008052662000
                   .000015077880000
                   .000028097550000
                   .000052030480000
                   .000095675990000
                   .000178661700000
                   .000322066000000
                   .000574029400000
                   .001009439000000
                   .001747395000000
                   .003006504000000
                   .004990092000000
                   .008078266000000
                   .012734710000000
                   .019530760000000
                   .029102000000000
                   .042116210000000
                   .058268710000000
                   .074309510000000
                   .077639850000000
                   .052301930000000
                   .014102930000000
                  -.000004540198000
                   .000000000000000
                   .000000000000000
