                   .954545400000000                   .864000000000000                   .000000000000000
                   .954545400000000                   .869666700000000                   .000000000000000
                   .954545400000000                   .875333400000000                   .000000000000000
                   .954545400000000                   .881000000000000               2565.174000000000000
                   .954545400000000                   .886666700000000               2371.027000000000000
                   .954545400000000                   .892333400000000               2185.237000000000000
                   .954545400000000                   .898000100000000               2007.622000000000000
                   .954545400000000                   .903666700000000               1838.041000000000000
                   .954545400000000                   .909333400000000               1676.400000000000000
                   .954545400000000                   .915000100000000               1522.659000000000000
                   .954545400000000                   .920666800000000               1376.828000000000000
                   .954545400000000                   .926333400000000               1238.979000000000000
                   .954545400000000                   .932000100000000               1109.249000000000000
                   .954545400000000                   .937666800000000                987.856100000000000
                   .954545400000000                   .943333400000000                875.123500000000000
                   .954545400000000                   .949000100000000                771.523200000000000
                   .954545400000000                   .954666800000000                677.746000000000000
                   .954545400000000                   .960333500000000                594.501500000000000
                   .954545400000000                   .966000100000000                521.739200000000000
                   .954545400000000                   .971666800000000                457.775600000000000
                   .954545400000000                   .977333500000000                398.486800000000000
                   .954545400000000                   .983000200000000                332.676800000000000
                   .954545400000000                   .988666800000000                227.598000000000000
                   .954545400000000                   .994333500000000                107.830200000000000
                   .863636400000000                   .864000000000000                   .000000000000000
                   .863636400000000                   .869666700000000                   .000000000000000
                   .863636400000000                   .875333400000000                   .000000000000000
                   .863636400000000                   .881000000000000               3118.782000000000000
                   .863636400000000                   .886666700000000               2883.309000000000000
                   .863636400000000                   .892333400000000               2657.900000000000000
                   .863636400000000                   .898000100000000               2442.343000000000000
                   .863636400000000                   .903666700000000               2236.472000000000000
                   .863636400000000                   .909333400000000               2040.183000000000000
                   .863636400000000                   .915000100000000               1853.431000000000000
                   .863636400000000                   .920666800000000               1676.236000000000000
                   .863636400000000                   .926333400000000               1508.690000000000000
                   .863636400000000                   .932000100000000               1350.966000000000000
                   .863636400000000                   .937666800000000               1203.338000000000000
                   .863636400000000                   .943333400000000               1066.203000000000000
                   .863636400000000                   .949000100000000                940.143600000000000
                   .863636400000000                   .954666800000000                826.007400000000000
                   .863636400000000                   .960333500000000                724.665500000000000
                   .863636400000000                   .966000100000000                636.064600000000000
                   .863636400000000                   .971666800000000                558.161000000000000
                   .863636400000000                   .977333500000000                485.935800000000000
                   .863636400000000                   .983000200000000                392.333100000000000
                   .863636400000000                   .988666800000000                262.776800000000000
                   .863636400000000                   .994333500000000                118.020600000000000
                   .772727300000000                   .864000000000000                   .000000000000000
                   .772727300000000                   .869666700000000                   .000000000000000
                   .772727300000000                   .875333400000000                   .000000000000000
                   .772727300000000                   .881000000000000               3870.656000000000000
                   .772727300000000                   .886666700000000               3579.375000000000000
                   .772727300000000                   .892333400000000               3300.427000000000000
                   .772727300000000                   .898000100000000               3033.562000000000000
                   .772727300000000                   .903666700000000               2778.582000000000000
                   .772727300000000                   .909333400000000               2535.370000000000000
                   .772727300000000                   .915000100000000               2303.881000000000000
                   .772727300000000                   .920666800000000               2084.152000000000000
                   .772727300000000                   .926333400000000               1876.306000000000000
                   .772727300000000                   .932000100000000               1680.569000000000000
                   .772727300000000                   .937666800000000               1497.289000000000000
                   .772727300000000                   .943333400000000               1326.975000000000000
                   .772727300000000                   .949000100000000               1170.357000000000000
                   .772727300000000                   .954666800000000               1028.504000000000000
                   .772727300000000                   .960333500000000                902.509900000000000
                   .772727300000000                   .966000100000000                792.321700000000000
                   .772727300000000                   .971666800000000                695.409100000000000
                   .772727300000000                   .977333500000000                605.534900000000000
                   .772727300000000                   .983000200000000                459.637400000000000
                   .772727300000000                   .988666800000000                291.728700000000000
                   .772727300000000                   .994333500000000                127.535400000000000
                   .681818200000000                   .864000000000000                   .000000000000000
                   .681818200000000                   .869666700000000                   .000000000000000
                   .681818200000000                   .875333400000000                   .000000000000000
                   .681818200000000                   .881000000000000               4926.496000000000000
                   .681818200000000                   .886666700000000               4557.467000000000000
                   .681818200000000                   .892333400000000               4203.855000000000000
                   .681818200000000                   .898000100000000               3865.363000000000000
                   .681818200000000                   .903666700000000               3541.763000000000000
                   .681818200000000                   .909333400000000               3232.921000000000000
                   .681818200000000                   .915000100000000               2938.801000000000000
                   .681818200000000                   .920666800000000               2659.467000000000000
                   .681818200000000                   .926333400000000               2395.093000000000000
                   .681818200000000                   .932000100000000               2145.986000000000000
                   .681818200000000                   .937666800000000               1912.608000000000000
                   .681818200000000                   .943333400000000               1695.625000000000000
                   .681818200000000                   .949000100000000               1495.990000000000000
                   .681818200000000                   .954666800000000               1315.085000000000000
                   .681818200000000                   .960333500000000               1154.330000000000000
                   .681818200000000                   .966000100000000               1013.681000000000000
                   .681818200000000                   .971666800000000                889.925600000000000
                   .681818200000000                   .977333500000000                725.328900000000000
                   .681818200000000                   .983000200000000                521.124300000000000
                   .681818200000000                   .988666800000000                320.017000000000000
                   .681818200000000                   .994333500000000                137.676600000000000
                   .590909100000000                   .864000000000000                   .000000000000000
                   .590909100000000                   .869666700000000                   .000000000000000
                   .590909100000000                   .875333400000000                   .000000000000000
                   .590909100000000                   .881000000000000               6471.478000000000000
                   .590909100000000                   .886666700000000               5989.968000000000000
                   .590909100000000                   .892333400000000               5528.188000000000000
                   .590909100000000                   .898000100000000               5085.781000000000000
                   .590909100000000                   .903666700000000               4662.488000000000000
                   .590909100000000                   .909333400000000               4258.169000000000000
                   .590909100000000                   .915000100000000               3872.808000000000000
                   .590909100000000                   .920666800000000               3506.523000000000000
                   .590909100000000                   .926333400000000               3159.577000000000000
                   .590909100000000                   .932000100000000               2832.408000000000000
                   .590909100000000                   .937666800000000               2525.656000000000000
                   .590909100000000                   .943333400000000               2240.235000000000000
                   .590909100000000                   .949000100000000               1977.437000000000000
                   .590909100000000                   .954666800000000               1739.123000000000000
                   .590909100000000                   .960333500000000               1527.209000000000000
                   .590909100000000                   .966000100000000               1338.951000000000000
                   .590909100000000                   .971666800000000               1067.415000000000000
                   .590909100000000                   .977333500000000                813.235100000000000
                   .590909100000000                   .983000200000000                573.129700000000000
                   .590909100000000                   .988666800000000                348.139400000000000
                   .590909100000000                   .994333500000000                148.388200000000000
                   .500000000000000                   .864000000000000                   .000000000000000
                   .500000000000000                   .869666700000000                   .000000000000000
                   .500000000000000                   .875333400000000                   .000000000000000
                   .500000000000000                   .881000000000000               8852.013000000000000
                   .500000000000000                   .886666700000000               8200.134000000000000
                   .500000000000000                   .892333400000000               7574.170000000000000
                   .500000000000000                   .898000100000000               6973.715000000000000
                   .500000000000000                   .903666700000000               6398.481000000000000
                   .500000000000000                   .909333400000000               5848.347000000000000
                   .500000000000000                   .915000100000000               5323.356000000000000
                   .500000000000000                   .920666800000000               4823.739000000000000
                   .500000000000000                   .926333400000000               4349.922000000000000
                   .500000000000000                   .932000100000000               3902.571000000000000
                   .500000000000000                   .937666800000000               3482.636000000000000
                   .500000000000000                   .943333400000000               3091.441000000000000
                   .500000000000000                   .949000100000000               2678.670000000000000
                   .500000000000000                   .954666800000000               2245.628000000000000
                   .500000000000000                   .960333500000000               1853.252000000000000
                   .500000000000000                   .966000100000000               1500.394000000000000
                   .500000000000000                   .971666800000000               1182.990000000000000
                   .500000000000000                   .977333500000000                894.238000000000000
                   .500000000000000                   .983000200000000                626.772400000000000
                   .500000000000000                   .988666800000000                378.125700000000000
                   .500000000000000                   .994333500000000                159.578400000000000
                   .409090900000000                   .864000000000000                   .000000000000000
                   .409090900000000                   .869666700000000                   .000000000000000
                   .409090900000000                   .875333400000000                   .000000000000000
                   .409090900000000                   .881000000000000              12158.500000000000000
                   .409090900000000                   .886666700000000              11175.880000000000000
                   .409090900000000                   .892333400000000              10231.980000000000000
                   .409090900000000                   .898000100000000               9326.849000000000000
                   .409090900000000                   .903666700000000               8460.651000000000000
                   .409090900000000                   .909333400000000               7633.657000000000000
                   .409090900000000                   .915000100000000               6846.266000000000000
                   .409090900000000                   .920666800000000               6098.989000000000000
                   .409090900000000                   .926333400000000               5392.465000000000000
                   .409090900000000                   .932000100000000               4727.443000000000000
                   .409090900000000                   .937666800000000               4104.797000000000000
                   .409090900000000                   .943333400000000               3525.520000000000000
                   .409090900000000                   .949000100000000               2990.735000000000000
                   .409090900000000                   .954666800000000               2501.686000000000000
                   .409090900000000                   .960333500000000               2059.119000000000000
                   .409090900000000                   .966000100000000               1661.718000000000000
                   .409090900000000                   .971666800000000               1305.043000000000000
                   .409090900000000                   .977333500000000                981.776000000000000
                   .409090900000000                   .983000200000000                684.125900000000000
                   .409090900000000                   .988666800000000                409.738100000000000
                   .409090900000000                   .994333500000000                171.114800000000000
                   .318181800000000                   .864000000000000                   .000000000000000
                   .318181800000000                   .869666700000000                   .000000000000000
                   .318181800000000                   .875333400000000                   .000000000000000
                   .318181800000000                   .881000000000000              13775.190000000000000
                   .318181800000000                   .886666700000000              12649.470000000000000
                   .318181800000000                   .892333400000000              11569.310000000000000
                   .318181800000000                   .898000100000000              10534.730000000000000
                   .318181800000000                   .903666700000000               9545.833000000000000
                   .318181800000000                   .909333400000000               8602.842000000000000
                   .318181800000000                   .915000100000000               7706.131000000000000
                   .318181800000000                   .920666800000000               6856.193000000000000
                   .318181800000000                   .926333400000000               6053.651000000000000
                   .318181800000000                   .932000100000000               5299.252000000000000
                   .318181800000000                   .937666800000000               4593.870000000000000
                   .318181800000000                   .943333400000000               3938.510000000000000
                   .318181800000000                   .949000100000000               3334.306000000000000
                   .318181800000000                   .954666800000000               2782.519000000000000
                   .318181800000000                   .960333500000000               2283.862000000000000
                   .318181800000000                   .966000100000000               1836.828000000000000
                   .318181800000000                   .971666800000000               1436.578000000000000
                   .318181800000000                   .977333500000000               1075.265000000000000
                   .318181800000000                   .983000200000000                744.680200000000000
                   .318181800000000                   .988666800000000                442.611700000000000
                   .318181800000000                   .994333500000000                182.821600000000000
                   .227272700000000                   .864000000000000                   .000000000000000
                   .227272700000000                   .869666700000000                   .000000000000000
                   .227272700000000                   .875333400000000                   .000000000000000
                   .227272700000000                   .881000000000000              15578.220000000000000
                   .227272700000000                   .886666700000000              14290.430000000000000
                   .227272700000000                   .892333400000000              13056.240000000000000
                   .227272700000000                   .898000100000000              11875.540000000000000
                   .227272700000000                   .903666700000000              10748.380000000000000
                   .227272700000000                   .909333400000000               9674.925000000000000
                   .227272700000000                   .915000100000000               8655.485000000000000
                   .227272700000000                   .920666800000000               7690.508000000000000
                   .227272700000000                   .926333400000000               6780.583000000000000
                   .227272700000000                   .932000100000000               5926.427000000000000
                   .227272700000000                   .937666800000000               5128.895000000000000
                   .227272700000000                   .943333400000000               4388.974000000000000
                   .227272700000000                   .949000100000000               3707.787000000000000
                   .227272700000000                   .954666800000000               3086.585000000000000
                   .227272700000000                   .960333500000000               2526.022000000000000
                   .227272700000000                   .966000100000000               2024.375000000000000
                   .227272700000000                   .971666800000000               1576.391000000000000
                   .227272700000000                   .977333500000000               1173.689000000000000
                   .227272700000000                   .983000200000000                807.656200000000000
                   .227272700000000                   .988666800000000                476.244500000000000
                   .227272700000000                   .994333500000000                194.481300000000000
                   .136363600000000                   .864000000000000                   .000000000000000
                   .136363600000000                   .869666700000000                   .000000000000000
                   .136363600000000                   .875333400000000                   .000000000000000
                   .136363600000000                   .881000000000000              17558.640000000000000
                   .136363600000000                   .886666700000000              16090.170000000000000
                   .136363600000000                   .892333400000000              14684.480000000000000
                   .136363600000000                   .898000100000000              13341.400000000000000
                   .136363600000000                   .903666700000000              12060.840000000000000
                   .136363600000000                   .909333400000000              10842.890000000000000
                   .136363600000000                   .915000100000000               9687.764000000000000
                   .136363600000000                   .920666800000000               8595.846000000000000
                   .136363600000000                   .926333400000000               7567.657000000000000
                   .136363600000000                   .932000100000000               6603.856000000000000
                   .136363600000000                   .937666800000000               5705.248000000000000
                   .136363600000000                   .943333400000000               4872.774000000000000
                   .136363600000000                   .949000100000000               4107.516000000000000
                   .136363600000000                   .954666800000000               3410.683000000000000
                   .136363600000000                   .960333500000000               2782.842000000000000
                   .136363600000000                   .966000100000000               2222.031000000000000
                   .136363600000000                   .971666800000000               1722.574000000000000
                   .136363600000000                   .977333500000000               1275.560000000000000
                   .136363600000000                   .983000200000000                871.992700000000000
                   .136363600000000                   .988666800000000                510.000600000000000
                   .136363600000000                   .994333500000000                205.840100000000000
                   .045454550000000                   .864000000000000                   .000000000000000
                   .045454550000000                   .869666700000000                   .000000000000000
                   .045454550000000                   .875333400000000                   .000000000000000
                   .045454550000000                   .881000000000000              19693.670000000000000
                   .045454550000000                   .886666700000000              18027.580000000000000
                   .045454550000000                   .892333400000000              16434.630000000000000
                   .045454550000000                   .898000100000000              14914.500000000000000
                   .045454550000000                   .903666700000000              13466.960000000000000
                   .045454550000000                   .909333400000000              12091.970000000000000
                   .045454550000000                   .915000100000000              10789.660000000000000
                   .045454550000000                   .920666800000000               9560.279000000000000
                   .045454550000000                   .926333400000000               8404.268000000000000
                   .045454550000000                   .932000100000000               7322.187000000000000
                   .045454550000000                   .937666800000000               6314.764000000000000
                   .045454550000000                   .943333400000000               5382.856000000000000
                   .045454550000000                   .949000100000000               4527.475000000000000
                   .045454550000000                   .954666800000000               3749.755000000000000
                   .045454550000000                   .960333500000000               3050.143000000000000
                   .045454550000000                   .966000100000000               2426.421000000000000
                   .045454550000000                   .971666800000000               1872.485000000000000
                   .045454550000000                   .977333500000000               1378.917000000000000
                   .045454550000000                   .983000200000000                936.363700000000000
                   .045454550000000                   .988666800000000                543.129000000000000
                   .045454550000000                   .994333500000000                216.619600000000000
                  -.045454550000000                   .864000000000000                   .000000000000000
                  -.045454550000000                   .869666700000000                   .000000000000000
                  -.045454550000000                   .875333400000000                   .000000000000000
                  -.045454550000000                   .881000000000000              21944.870000000000000
                  -.045454550000000                   .886666700000000              20067.610000000000000
                  -.045454550000000                   .892333400000000              18274.820000000000000
                  -.045454550000000                   .898000100000000              16566.010000000000000
                  -.045454550000000                   .903666700000000              14940.800000000000000
                  -.045454550000000                   .909333400000000              13398.980000000000000
                  -.045454550000000                   .915000100000000              11940.540000000000000
                  -.045454550000000                   .920666800000000              10565.600000000000000
                  -.045454550000000                   .926333400000000               9274.472000000000000
                  -.045454550000000                   .932000100000000               8067.590000000000000
                  -.045454550000000                   .937666800000000               6945.567000000000000
                  -.045454550000000                   .943333400000000               5909.151000000000000
                  -.045454550000000                   .949000100000000               4959.247000000000000
                  -.045454550000000                   .954666800000000               4096.878000000000000
                  -.045454550000000                   .960333500000000               3322.347000000000000
                  -.045454550000000                   .966000100000000               2633.162000000000000
                  -.045454550000000                   .971666800000000               2022.809000000000000
                  -.045454550000000                   .977333500000000               1481.391000000000000
                  -.045454550000000                   .983000200000000                999.230500000000000
                  -.045454550000000                   .988666800000000                574.800300000000000
                  -.045454550000000                   .994333500000000                226.533200000000000
                  -.136363600000000                   .864000000000000                   .000000000000000
                  -.136363600000000                   .869666700000000                   .000000000000000
                  -.136363600000000                   .875333400000000                   .000000000000000
                  -.136363600000000                   .881000000000000              24258.460000000000000
                  -.136363600000000                   .886666700000000              22161.530000000000000
                  -.136363600000000                   .892333400000000              20161.100000000000000
                  -.136363600000000                   .898000100000000              18256.490000000000000
                  -.136363600000000                   .903666700000000              16447.140000000000000
                  -.136363600000000                   .909333400000000              14732.650000000000000
                  -.136363600000000                   .915000100000000              13112.860000000000000
                  -.136363600000000                   .920666800000000              11587.710000000000000
                  -.136363600000000                   .926333400000000              10157.360000000000000
                  -.136363600000000                   .932000100000000               8822.108000000000000
                  -.136363600000000                   .937666800000000               7582.414000000000000
                  -.136363600000000                   .943333400000000               6438.887000000000000
                  -.136363600000000                   .949000100000000               5392.293000000000000
                  -.136363600000000                   .954666800000000               4443.522000000000000
                  -.136363600000000                   .960333500000000               3592.700000000000000
                  -.136363600000000                   .966000100000000               2837.066000000000000
                  -.136363600000000                   .971666800000000               2169.716000000000000
                  -.136363600000000                   .977333500000000               1580.324000000000000
                  -.136363600000000                   .983000200000000               1058.931000000000000
                  -.136363600000000                   .988666800000000                604.159100000000000
                  -.136363600000000                   .994333500000000                235.306000000000000
                  -.227272700000000                   .864000000000000                   .000000000000000
                  -.227272700000000                   .869666700000000                   .000000000000000
                  -.227272700000000                   .875333400000000                   .000000000000000
                  -.227272700000000                   .881000000000000              26568.160000000000000
                  -.227272700000000                   .886666700000000              24249.560000000000000
                  -.227272700000000                   .892333400000000              22039.790000000000000
                  -.227272700000000                   .898000100000000              19938.000000000000000
                  -.227272700000000                   .903666700000000              17943.380000000000000
                  -.227272700000000                   .909333400000000              16055.400000000000000
                  -.227272700000000                   .915000100000000              14273.660000000000000
                  -.227272700000000                   .920666800000000              12597.960000000000000
                  -.227272700000000                   .926333400000000              11028.260000000000000
                  -.227272700000000                   .932000100000000               9564.700000000000000
                  -.227272700000000                   .937666800000000               8207.577000000000000
                  -.227272700000000                   .943333400000000               6957.341000000000000
                  -.227272700000000                   .949000100000000               5814.596000000000000
                  -.227272700000000                   .954666800000000               4780.070000000000000
                  -.227272700000000                   .960333500000000               3853.704000000000000
                  -.227272700000000                   .966000100000000               3032.471000000000000
                  -.227272700000000                   .971666800000000               2309.120000000000000
                  -.227272700000000                   .977333500000000               1672.961000000000000
                  -.227272700000000                   .983000200000000               1113.801000000000000
                  -.227272700000000                   .988666800000000                630.386600000000000
                  -.227272700000000                   .994333500000000                242.695300000000000
                  -.318181800000000                   .864000000000000                   .000000000000000
                  -.318181800000000                   .869666700000000                   .000000000000000
                  -.318181800000000                   .875333400000000                   .000000000000000
                  -.318181800000000                   .881000000000000              28800.400000000000000
                  -.318181800000000                   .886666700000000              26265.550000000000000
                  -.318181800000000                   .892333400000000              23851.720000000000000
                  -.318181800000000                   .898000100000000              21557.840000000000000
                  -.318181800000000                   .903666700000000              19382.930000000000000
                  -.318181800000000                   .909333400000000              17326.230000000000000
                  -.318181800000000                   .915000100000000              15387.180000000000000
                  -.318181800000000                   .920666800000000              13565.380000000000000
                  -.318181800000000                   .926333400000000              11860.630000000000000
                  -.318181800000000                   .932000100000000              10272.870000000000000
                  -.318181800000000                   .937666800000000               8802.232000000000000
                  -.318181800000000                   .943333400000000               7448.993000000000000
                  -.318181800000000                   .949000100000000               6213.588000000000000
                  -.318181800000000                   .954666800000000               5096.571000000000000
                  -.318181800000000                   .960333500000000               4097.693000000000000
                  -.318181800000000                   .966000100000000               3213.683000000000000
                  -.318181800000000                   .971666800000000               2436.998000000000000
                  -.318181800000000                   .977333500000000               1756.656000000000000
                  -.318181800000000                   .983000200000000               1162.297000000000000
                  -.318181800000000                   .988666800000000                652.764600000000000
                  -.318181800000000                   .994333500000000                248.509900000000000
                  -.409090900000000                   .864000000000000                   .000000000000000
                  -.409090900000000                   .869666700000000                   .000000000000000
                  -.409090900000000                   .875333400000000                   .000000000000000
                  -.409090900000000                   .881000000000000              30881.280000000000000
                  -.409090900000000                   .886666700000000              28143.220000000000000
                  -.409090900000000                   .892333400000000              25537.700000000000000
                  -.409090900000000                   .898000100000000              23063.480000000000000
                  -.409090900000000                   .903666700000000              20719.400000000000000
                  -.409090900000000                   .909333400000000              18504.510000000000000
                  -.409090900000000                   .915000100000000              16418.070000000000000
                  -.409090900000000                   .920666800000000              14459.510000000000000
                  -.409090900000000                   .926333400000000              12628.450000000000000
                  -.409090900000000                   .932000100000000              10924.660000000000000
                  -.409090900000000                   .937666800000000               9348.100000000000000
                  -.409090900000000                   .943333400000000               7898.874000000000000
                  -.409090900000000                   .949000100000000               6577.244000000000000
                  -.409090900000000                   .954666800000000               5383.595000000000000
                  -.409090900000000                   .960333500000000               4317.493000000000000
                  -.409090900000000                   .966000100000000               3375.455000000000000
                  -.409090900000000                   .971666800000000               2549.718000000000000
                  -.409090900000000                   .977333500000000               1829.097000000000000
                  -.409090900000000                   .983000200000000               1203.130000000000000
                  -.409090900000000                   .988666800000000                670.731400000000000
                  -.409090900000000                   .994333500000000                252.623300000000000
                  -.500000000000000                   .864000000000000                   .000000000000000
                  -.500000000000000                   .869666700000000                   .000000000000000
                  -.500000000000000                   .875333400000000                   .000000000000000
                  -.500000000000000                   .881000000000000              32743.770000000000000
                  -.500000000000000                   .886666700000000              29822.510000000000000
                  -.500000000000000                   .892333400000000              27044.230000000000000
                  -.500000000000000                   .898000100000000              24407.520000000000000
                  -.500000000000000                   .903666700000000              21911.060000000000000
                  -.500000000000000                   .909333400000000              19553.750000000000000
                  -.500000000000000                   .915000100000000              17334.700000000000000
                  -.500000000000000                   .920666800000000              15253.160000000000000
                  -.500000000000000                   .926333400000000              13308.610000000000000
                  -.500000000000000                   .932000100000000              11500.660000000000000
                  -.500000000000000                   .937666800000000               9829.099000000000000
                  -.500000000000000                   .943333400000000               8293.889000000000000
                  -.500000000000000                   .949000100000000               6895.130000000000000
                  -.500000000000000                   .954666800000000               5633.040000000000000
                  -.500000000000000                   .960333500000000               4507.021000000000000
                  -.500000000000000                   .966000100000000               3513.427000000000000
                  -.500000000000000                   .971666800000000               2644.344000000000000
                  -.500000000000000                   .977333500000000               1888.483000000000000
                  -.500000000000000                   .983000200000000               1235.352000000000000
                  -.500000000000000                   .988666800000000                683.920800000000000
                  -.500000000000000                   .994333500000000                254.981400000000000
                  -.590909100000000                   .864000000000000                   .000000000000000
                  -.590909100000000                   .869666700000000                   .000000000000000
                  -.590909100000000                   .875333400000000                   .000000000000000
                  -.590909100000000                   .881000000000000              34333.820000000000000
                  -.590909100000000                   .886666700000000              31255.090000000000000
                  -.590909100000000                   .892333400000000              28328.300000000000000
                  -.590909100000000                   .898000100000000              25551.910000000000000
                  -.590909100000000                   .903666700000000              22924.500000000000000
                  -.590909100000000                   .909333400000000              20444.830000000000000
                  -.590909100000000                   .915000100000000              18111.870000000000000
                  -.590909100000000                   .920666800000000              15924.760000000000000
                  -.590909100000000                   .926333400000000              13882.840000000000000
                  -.590909100000000                   .932000100000000              11985.580000000000000
                  -.590909100000000                   .937666800000000              10232.670000000000000
                  -.590909100000000                   .943333400000000               8623.896000000000000
                  -.590909100000000                   .949000100000000               7159.241000000000000
                  -.590909100000000                   .954666800000000               5838.775000000000000
                  -.590909100000000                   .960333500000000               4661.762000000000000
                  -.590909100000000                   .966000100000000               3624.443000000000000
                  -.590909100000000                   .971666800000000               2718.835000000000000
                  -.590909100000000                   .977333500000000               1933.642000000000000
                  -.590909100000000                   .983000200000000               1258.419000000000000
                  -.590909100000000                   .988666800000000                692.178500000000000
                  -.590909100000000                   .994333500000000                255.601900000000000
                  -.681818200000000                   .864000000000000                   .000000000000000
                  -.681818200000000                   .869666700000000                   .000000000000000
                  -.681818200000000                   .875333400000000                   .000000000000000
                  -.681818200000000                   .881000000000000              35614.340000000000000
                  -.681818200000000                   .886666700000000              32407.860000000000000
                  -.681818200000000                   .892333400000000              29360.530000000000000
                  -.681818200000000                   .898000100000000              26470.760000000000000
                  -.681818200000000                   .903666700000000              23737.020000000000000
                  -.681818200000000                   .909333400000000              21158.000000000000000
                  -.681818200000000                   .915000100000000              18732.590000000000000
                  -.681818200000000                   .920666800000000              16459.830000000000000
                  -.681818200000000                   .926333400000000              14338.960000000000000
                  -.681818200000000                   .932000100000000              12369.350000000000000
                  -.681818200000000                   .937666800000000              10550.580000000000000
                  -.681818200000000                   .943333400000000               8882.345000000000000
                  -.681818200000000                   .949000100000000               7364.498000000000000
                  -.681818200000000                   .954666800000000               5997.003000000000000
                  -.681818200000000                   .960333500000000               4779.018000000000000
                  -.681818200000000                   .966000100000000               3706.720000000000000
                  -.681818200000000                   .971666800000000               2772.144000000000000
                  -.681818200000000                   .977333500000000               1964.078000000000000
                  -.681818200000000                   .983000200000000               1272.200000000000000
                  -.681818200000000                   .988666800000000                695.557700000000000
                  -.681818200000000                   .994333500000000                254.567100000000000
                  -.772727300000000                   .864000000000000                   .000000000000000
                  -.772727300000000                   .869666700000000                   .000000000000000
                  -.772727300000000                   .875333400000000                   .000000000000000
                  -.772727300000000                   .881000000000000              36566.720000000000000
                  -.772727300000000                   .886666700000000              33264.230000000000000
                  -.772727300000000                   .892333400000000              30126.260000000000000
                  -.772727300000000                   .898000100000000              27151.180000000000000
                  -.772727300000000                   .903666700000000              24337.430000000000000
                  -.772727300000000                   .909333400000000              21683.650000000000000
                  -.772727300000000                   .915000100000000              19188.680000000000000
                  -.772727300000000                   .920666800000000              16851.500000000000000
                  -.772727300000000                   .926333400000000              14671.290000000000000
                  -.772727300000000                   .932000100000000              12647.350000000000000
                  -.772727300000000                   .937666800000000              10779.200000000000000
                  -.772727300000000                   .943333400000000               9066.442000000000000
                  -.772727300000000                   .949000100000000               7508.860000000000000
                  -.772727300000000                   .954666800000000               6106.329000000000000
                  -.772727300000000                   .960333500000000               4857.936000000000000
                  -.772727300000000                   .966000100000000               3759.851000000000000
                  -.772727300000000                   .971666800000000               2804.198000000000000
                  -.772727300000000                   .977333500000000               1979.939000000000000
                  -.772727300000000                   .983000200000000               1276.943000000000000
                  -.772727300000000                   .988666800000000                694.294100000000000
                  -.772727300000000                   .994333500000000                252.011700000000000
                  -.863636400000000                   .864000000000000                   .000000000000000
                  -.863636400000000                   .869666700000000                   .000000000000000
                  -.863636400000000                   .875333400000000                   .000000000000000
                  -.863636400000000                   .881000000000000              37189.810000000000000
                  -.863636400000000                   .886666700000000              33823.290000000000000
                  -.863636400000000                   .892333400000000              30624.800000000000000
                  -.863636400000000                   .898000100000000              27592.720000000000000
                  -.863636400000000                   .903666700000000              24725.480000000000000
                  -.863636400000000                   .909333400000000              22021.710000000000000
                  -.863636400000000                   .915000100000000              19480.250000000000000
                  -.863636400000000                   .920666800000000              17100.030000000000000
                  -.863636400000000                   .926333400000000              14880.230000000000000
                  -.863636400000000                   .932000100000000              12820.120000000000000
                  -.863636400000000                   .937666800000000              10919.160000000000000
                  -.863636400000000                   .943333400000000               9176.908000000000000
                  -.863636400000000                   .949000100000000               7593.106000000000000
                  -.863636400000000                   .954666800000000               6167.573000000000000
                  -.863636400000000                   .960333500000000               4899.354000000000000
                  -.863636400000000                   .966000100000000               3784.667000000000000
                  -.863636400000000                   .971666800000000               2815.787000000000000
                  -.863636400000000                   .977333500000000               1981.930000000000000
                  -.863636400000000                   .983000200000000               1273.215000000000000
                  -.863636400000000                   .988666800000000                688.768000000000000
                  -.863636400000000                   .994333500000000                248.108200000000000
                  -.954545400000000                   .864000000000000                   .000000000000000
                  -.954545400000000                   .869666700000000                   .000000000000000
                  -.954545400000000                   .875333400000000                   .000000000000000
                  -.954545400000000                   .881000000000000              37497.320000000000000
                  -.954545400000000                   .886666700000000              34097.460000000000000
                  -.954545400000000                   .892333400000000              30867.370000000000000
                  -.954545400000000                   .898000100000000              27805.460000000000000
                  -.954545400000000                   .903666700000000              24910.200000000000000
                  -.954545400000000                   .909333400000000              22180.250000000000000
                  -.954545400000000                   .915000100000000              19614.450000000000000
                  -.954545400000000                   .920666800000000              17211.780000000000000
                  -.954545400000000                   .926333400000000              14971.380000000000000
                  -.954545400000000                   .932000100000000              12892.540000000000000
                  -.954545400000000                   .937666800000000              10974.700000000000000
                  -.954545400000000                   .943333400000000               9217.405000000000000
                  -.954545400000000                   .949000100000000               7620.373000000000000
                  -.954545400000000                   .954666800000000               6183.389000000000000
                  -.954545400000000                   .960333500000000               4905.500000000000000
                  -.954545400000000                   .966000100000000               3783.003000000000000
                  -.954545400000000                   .971666800000000               2808.389000000000000
                  -.954545400000000                   .977333500000000               1971.187000000000000
                  -.954545400000000                   .983000200000000               1261.821000000000000
                  -.954545400000000                   .988666800000000                679.462100000000000
                  -.954545400000000                   .994333500000000                243.051700000000000
