 eorbl(24)
                   .009504691000000
                   .016458180000000
                   .018813970000000
                   .021439020000000
                   .024357070000000
                   .027592300000000
                   .031144050000000
                   .035073060000000
                   .039431990000000
                   .044300710000000
                   .049787360000000
                   .056041270000000
                   .063286240000000
                   .071906450000000
                   .082374240000000
                   .095486340000000
                   .112447400000000
                   .134648200000000
                   .164352800000000
                   .204718800000000
                   .259335500000000
                   .331487400000000
                   .415608900000000
                   .482759200000000
                   .000000000000000
                   .000000000000000
