   n0    forbl   xmorbl  eorbl
  1      .000      .000      .000
  2      .000      .000      .000
  3      .000      .000      .000
  4      .000      .000      .000
  5      .000      .000      .000
  6      .000      .000      .000
  7      .000      .000      .000
  8      .000      .000      .000
  9      .000      .000      .001
 10      .000      .000      .001
 11      .000      .001      .002
 12      .001      .001      .003
 13      .001      .003      .005
 14      .002      .004      .008
 15      .004      .007      .013
 16      .007      .011      .020
 17      .011      .017      .030
 18      .018      .025      .044
 19      .030      .036      .064
 20      .048      .051      .099
 21      .085      .066      .163
 22      .161      .069      .279
 23      .303      .040      .423
 24      .458      .006      .495
   n0    forblC   xmorblC  eorblC
  1      .000      .000      .000
  2      .000      .000      .000
  3      .000      .000      .000
  4      .000      .000      .000
  5      .000      .000      .000
  6      .000      .000      .000
  7      .000      .000      .000
  8      .000      .000      .000
  9      .000      .000      .000
 10      .000      .000      .000
 11      .000      .000      .000
 12      .000      .000      .000
 13      .000      .000      .000
 14      .000      .000      .000
 15      .000      .000      .000
 16      .000      .000      .000
 17      .000      .000      .000
 18      .000      .000      .000
 19      .000      .000      .000
 20      .000      .000      .001
 21      .001      .003      .005
 22      .008      .012      .022
 23      .037      .043      .079
 24      .216      .060      .345
  n0   intrinD   intrinC  NBIreturn   Snbi      dFdr
  1  .228E-01  .000E+00  .326E+19  .404E+19  .693E-04
  2  .246E+00  .000E+00  .326E+19  .404E+19  .104E-03
  3  .548E+00  .000E+00  .326E+19  .404E+19  .224E-03
  4  .119E+01  .000E+00  .327E+19  .324E+19  .487E-03
  5  .254E+01  .000E+00  .327E+19  .324E+19  .105E-02
  6  .528E+01  .000E+00  .327E+19  .324E+19  .217E-02
  7  .107E+02  .000E+00  .327E+19  .324E+19  .443E-02
  8  .212E+02  .000E+00  .234E+19  .430E+19  .878E-02
  9  .408E+02  .000E+00  .234E+19  .430E+19  .170E-01
 10  .763E+02  .000E+00  .234E+19  .430E+19  .319E-01
 11  .139E+03  .000E+00  .454E+19 -.857E+18  .583E-01
 12  .246E+03  .000E+00  .454E+19 -.857E+18  .104E+00
 13  .422E+03  .000E+00  .454E+19 -.857E+18  .180E+00
 14  .702E+03  .000E+00  .454E+19 -.857E+18  .302E+00
 15  .113E+04  .000E+00  .388E+19 -.861E+18  .493E+00
 16  .177E+04  .264E-02  .388E+19 -.861E+18  .787E+00
 17  .267E+04  .380E-01  .388E+19 -.861E+18  .124E+01
 18  .392E+04  .420E+00  .270E+19  .280E+16  .197E+01
 19  .557E+04  .374E+01  .270E+19  .280E+16  .333E+01
 20  .766E+04  .268E+02  .270E+19  .280E+16  .634E+01
 21  .972E+04  .155E+03  .270E+19  .280E+16  .134E+02
 22  .984E+04  .705E+03  .156E+19 -.132E+18  .250E+02
 23  .563E+04  .243E+04  .156E+19 -.132E+18  .272E+02
 24  .766E+03  .332E+04  .156E+19 -.132E+18  .000E+00
 n0         ffrac1    ffrac2    ffrac3         nbdep1    nbilost   nbitot
 1         .00         .00         .00      6.58      .000E+00    .118E+21
 2         .13         .13         .13     13.28      .298E+20    .238E+21
 3         .13         .13         .13      8.75      .197E+20    .157E+21
 4         .13         .13         .13      7.73      .174E+20    .139E+21
 5         .13         .13         .13      7.16      .161E+20    .129E+21
 6         .13         .13         .13      6.72      .152E+20    .122E+21
 7         .13         .13         .13      6.32      .143E+20    .115E+21
 8         .13         .13         .13      5.94      .135E+20    .108E+21
 9         .13         .13         .13      5.57      .127E+20    .102E+21
10         .00         .00         .00      5.19      .000E+00    .957E+20
11         .13         .13         .13      4.83      .112E+20    .895E+20
12         .13         .13         .13      4.47      .104E+20    .834E+20
13         .13         .13         .13      3.55      .835E+19    .668E+20
14         .13         .13         .13      3.03      .720E+19    .576E+20
15         .13         .13         .13      2.67      .639E+19    .511E+20
16         .13         .13         .13      2.38      .576E+19    .460E+20
17         .13         .13         .13      2.15      .524E+19    .419E+20
18         .13         .13         .13      1.95      .481E+19    .385E+20
19         .00         .00         .00      1.79      .000E+00    .355E+20
20         .13         .13         .13      1.64      .412E+19    .330E+20
21         .13         .13         .13      1.52      .385E+19    .308E+20
22         .13         .13         .13      1.41      .360E+19    .288E+20
23         .13         .13         .13      1.32      .339E+19    .271E+20
24         .13         .13         .13      1.23      .320E+19    .256E+20
25         .13         .13         .13      1.16      .303E+19    .242E+20
26         .13         .13         .13      1.09      .288E+19    .230E+20
27         .13         .13         .13      1.03      .275E+19    .220E+20
28         .00         .00         .00       .98      .000E+00    .210E+20
29         .13         .13         .13       .93      .251E+19    .201E+20
30         .13         .13         .13       .88      .241E+19    .193E+20
31         .13         .13         .13       .84      .232E+19    .186E+20
32         .13         .13         .13       .80      .223E+19    .179E+20
33         .13         .13         .13       .77      .216E+19    .172E+20
34         .13         .13         .13       .74      .208E+19    .166E+20
35         .13         .13         .13       .71      .201E+19    .161E+20
36         .13         .13         .13       .68      .194E+19    .155E+20
37         .00         .00         .00       .65      .000E+00    .150E+20
38         .13         .13         .13       .62      .180E+19    .144E+20
39         .25         .13         .13       .59      .259E+19    .138E+20
40         .25         .13         .13       .56      .248E+19    .132E+20
41         .25         .13         .13       .53      .236E+19    .126E+20
42         .38         .13         .13       .51      .297E+19    .120E+20
43         .50         .13         .13       .48      .349E+19    .113E+20
44         .50         .13         .13       .44      .326E+19    .106E+20
45         .50         .25         .13       .41      .327E+19    .979E+19
46         .38         .38         .00       .38      .234E+19    .898E+19
47         .75         .50         .25       .36      .454E+19    .821E+19
48         .63         .50         .50       .30      .388E+19    .690E+19
49         .63         .38         .38       .23      .270E+19    .541E+19
50         .63         .50         .38       .12      .156E+19    .298E+19
