 vintrin(24)
                   .022806910000000
                   .245902700000000
                   .547092400000000
                  1.193182000000000
                  2.539889000000000
                  5.274803000000000
                 10.705820000000000
                 21.155450000000000
                 40.706700000000000
                 76.232660000000000
                138.758800000000000
                245.330500000000000
                420.980600000000000
                700.571300000000000
               1129.692000000000000
               1764.108000000000000
               2667.846000000000000
               3911.095000000000000
               5566.705000000000000
               7646.874000000000000
               9704.479000000000000
               9826.879000000000000
               5620.963000000000000
                765.054600000000000
                   .000000000000000
                   .000000000000000
