 eorbl(24)
                   .000000379082900
                   .000003921266000
                   .000008504909000
                   .000018112420000
                   .000037647410000
                   .000076303680000
                   .000150870900000
                   .000290567100000
                   .000544636200000
                   .000993282800000
                   .001760856000000
                   .003032604000000
                   .005071564000000
                   .008232841000000
                   .012973140000000
                   .019864930000000
                   .029665570000000
                   .043600240000000
                   .064322430000000
                   .098637100000000
                   .162897100000000
                   .279358700000000
                   .423175500000000
                   .494946400000000
                   .000000000000000
                   .000000000000000
