 minEtta(22,24)
                 14.906770000000000
                 18.340030000000000
                 21.000000000000000
                 21.000000000000000
                 21.000000000000000
                 21.000000000000000
                 21.000000000000000
                 21.000000000000000
                 21.000000000000000
                 21.000000000000000
                 21.000000000000000
                 21.000000000000000
                 21.000000000000000
                 21.000000000000000
                 21.000000000000000
                 21.000000000000000
                 21.000000000000000
                 21.000000000000000
                 21.000000000000000
                 21.000000000000000
                 21.000000000000000
                 21.000000000000000
                 12.362200000000000
                 15.018750000000000
                 18.620350000000000
                 21.000000000000000
                 21.000000000000000
                 21.000000000000000
                 21.000000000000000
                 21.000000000000000
                 21.000000000000000
                 21.000000000000000
                 21.000000000000000
                 21.000000000000000
                 21.000000000000000
                 21.000000000000000
                 21.000000000000000
                 21.000000000000000
                 21.000000000000000
                 21.000000000000000
                 21.000000000000000
                 21.000000000000000
                 21.000000000000000
                 21.000000000000000
                 11.504860000000000
                 13.980580000000000
                 17.338900000000000
                 21.000000000000000
                 21.000000000000000
                 21.000000000000000
                 21.000000000000000
                 21.000000000000000
                 21.000000000000000
                 21.000000000000000
                 21.000000000000000
                 21.000000000000000
                 21.000000000000000
                 21.000000000000000
                 21.000000000000000
                 21.000000000000000
                 21.000000000000000
                 21.000000000000000
                 21.000000000000000
                 21.000000000000000
                 21.000000000000000
                 21.000000000000000
                 10.668290000000000
                 12.967130000000000
                 16.087270000000000
                 20.464990000000000
                 21.000000000000000
                 21.000000000000000
                 21.000000000000000
                 21.000000000000000
                 21.000000000000000
                 21.000000000000000
                 21.000000000000000
                 21.000000000000000
                 21.000000000000000
                 21.000000000000000
                 21.000000000000000
                 21.000000000000000
                 21.000000000000000
                 21.000000000000000
                 21.000000000000000
                 21.000000000000000
                 21.000000000000000
                 21.000000000000000
                  9.853538000000000
                 11.979720000000000
                 14.867120000000000
                 18.921440000000000
                 21.000000000000000
                 21.000000000000000
                 21.000000000000000
                 21.000000000000000
                 21.000000000000000
                 21.000000000000000
                 21.000000000000000
                 21.000000000000000
                 21.000000000000000
                 21.000000000000000
                 21.000000000000000
                 21.000000000000000
                 21.000000000000000
                 21.000000000000000
                 21.000000000000000
                 21.000000000000000
                 21.000000000000000
                 21.000000000000000
                  9.062694000000000
                 11.020890000000000
                 13.681660000000000
                 17.420630000000000
                 21.000000000000000
                 21.000000000000000
                 21.000000000000000
                 21.000000000000000
                 21.000000000000000
                 21.000000000000000
                 21.000000000000000
                 21.000000000000000
                 21.000000000000000
                 21.000000000000000
                 21.000000000000000
                 21.000000000000000
                 21.000000000000000
                 21.000000000000000
                 21.000000000000000
                 21.000000000000000
                 21.000000000000000
                 21.000000000000000
                  8.295999000000000
                 10.090960000000000
                 12.531310000000000
                 15.963170000000000
                 20.995180000000000
                 21.000000000000000
                 21.000000000000000
                 21.000000000000000
                 21.000000000000000
                 21.000000000000000
                 21.000000000000000
                 21.000000000000000
                 21.000000000000000
                 21.000000000000000
                 21.000000000000000
                 21.000000000000000
                 21.000000000000000
                 21.000000000000000
                 21.000000000000000
                 21.000000000000000
                 21.000000000000000
                 21.000000000000000
                  7.555447000000000
                  9.192390000000000
                 11.419150000000000
                 14.553050000000000
                 19.153210000000000
                 21.000000000000000
                 21.000000000000000
                 21.000000000000000
                 21.000000000000000
                 21.000000000000000
                 21.000000000000000
                 21.000000000000000
                 21.000000000000000
                 21.000000000000000
                 21.000000000000000
                 21.000000000000000
                 21.000000000000000
                 21.000000000000000
                 21.000000000000000
                 21.000000000000000
                 21.000000000000000
                 21.000000000000000
                  6.841703000000000
                  8.326006000000000
                 10.346250000000000
                 13.191700000000000
                 17.373050000000000
                 21.000000000000000
                 21.000000000000000
                 21.000000000000000
                 21.000000000000000
                 21.000000000000000
                 21.000000000000000
                 21.000000000000000
                 21.000000000000000
                 21.000000000000000
                 21.000000000000000
                 21.000000000000000
                 21.000000000000000
                 21.000000000000000
                 21.000000000000000
                 21.000000000000000
                 21.000000000000000
                 21.000000000000000
                  6.155273000000000
                  7.492448000000000
                  9.313459000000000
                 11.880260000000000
                 15.656290000000000
                 20.080800000000000
                 21.000000000000000
                 21.000000000000000
                 21.000000000000000
                 21.000000000000000
                 21.000000000000000
                 21.000000000000000
                 21.000000000000000
                 21.000000000000000
                 21.000000000000000
                 21.000000000000000
                 21.000000000000000
                 21.000000000000000
                 21.000000000000000
                 21.000000000000000
                 21.000000000000000
                 21.000000000000000
                  5.497558000000000
                  6.693448000000000
                  8.322956000000000
                 10.621600000000000
                 14.006850000000000
                 17.962060000000000
                 19.992130000000000
                 21.000000000000000
                 21.000000000000000
                 21.000000000000000
                 21.000000000000000
                 21.000000000000000
                 21.000000000000000
                 21.000000000000000
                 21.000000000000000
                 21.000000000000000
                 21.000000000000000
                 21.000000000000000
                 21.000000000000000
                 21.000000000000000
                 21.000000000000000
                 21.000000000000000
                  4.869412000000000
                  5.930069000000000
                  7.376118000000000
                  9.417529000000000
                 12.427270000000000
                 15.931580000000000
                 17.721650000000000
                 19.455290000000000
                 21.000000000000000
                 21.000000000000000
                 21.000000000000000
                 21.000000000000000
                 21.000000000000000
                 21.000000000000000
                 21.000000000000000
                 21.000000000000000
                 21.000000000000000
                 21.000000000000000
                 21.000000000000000
                 21.000000000000000
                 21.000000000000000
                 21.000000000000000
                  4.271734000000000
                  5.203439000000000
                  6.474383000000000
                  8.269975000000000
                 10.920220000000000
                 13.992810000000000
                 15.554260000000000
                 17.065240000000000
                 18.672400000000000
                 20.357960000000000
                 21.000000000000000
                 21.000000000000000
                 21.000000000000000
                 21.000000000000000
                 21.000000000000000
                 21.000000000000000
                 21.000000000000000
                 21.000000000000000
                 21.000000000000000
                 21.000000000000000
                 21.000000000000000
                 21.000000000000000
                  3.705497000000000
                  4.514765000000000
                  5.619306000000000
                  7.180996000000000
                  9.488548000000000
                 12.149510000000000
                 13.494030000000000
                 14.795430000000000
                 16.178380000000000
                 17.627470000000000
                 19.121330000000000
                 20.632860000000000
                 21.000000000000000
                 21.000000000000000
                 21.000000000000000
                 21.000000000000000
                 21.000000000000000
                 21.000000000000000
                 21.000000000000000
                 21.000000000000000
                 21.000000000000000
                 21.000000000000000
                  3.171802000000000
                  3.865422000000000
                  4.812640000000000
                  6.152918000000000
                  8.135495000000000
                 10.405860000000000
                 11.545510000000000
                 12.650660000000000
                 13.823910000000000
                 15.052110000000000
                 16.317110000000000
                 17.596010000000000
                 18.862050000000000
                 20.086030000000000
                 21.000000000000000
                 21.000000000000000
                 21.000000000000000
                 21.000000000000000
                 21.000000000000000
                 21.000000000000000
                 21.000000000000000
                 21.000000000000000
                  2.671769000000000
                  3.256802000000000
                  4.056170000000000
                  5.188111000000000
                  6.864350000000000
                  8.766294000000000
                  9.713647000000000
                 10.636130000000000
                 11.614440000000000
                 12.637550000000000
                 13.690290000000000
                 14.753650000000000
                 15.805440000000000
                 16.821540000000000
                 17.777430000000000
                 18.649880000000000
                 19.418600000000000
                 20.067610000000000
                 20.586020000000000
                 20.968380000000000
                 21.000000000000000
                 21.000000000000000
                  2.206442000000000
                  2.690209000000000
                  3.351573000000000
                  4.288805000000000
                  5.678235000000000
                  7.235326000000000
                  8.003632000000000
                  8.757336000000000
                  9.555770000000000
                 10.389860000000000
                 11.247210000000000
                 12.112340000000000
                 12.967280000000000
                 13.792510000000000
                 14.568230000000000
                 15.275740000000000
                 15.898700000000000
                 16.424270000000000
                 16.843710000000000
                 17.152670000000000
                 17.351050000000000
                 17.442490000000000
                  1.776838000000000
                  2.166915000000000
                  2.700485000000000
                  3.457191000000000
                  4.580228000000000
                  5.812627000000000
                  6.421191000000000
                  7.020373000000000
                  7.654346000000000
                  8.315835000000000
                  8.994987000000000
                  9.679543000000000
                 10.355320000000000
                 11.006970000000000
                 11.618950000000000
                 12.176610000000000
                 12.667200000000000
                 13.080670000000000
                 13.410220000000000
                 13.652510000000000
                 13.807490000000000
                 13.878030000000000
                  1.383456000000000
                  1.687563000000000
                  2.103764000000000
                  2.694465000000000
                  3.572098000000000
                  4.506193000000000
                  4.971677000000000
                  5.430975000000000
                  5.916290000000000
                  6.421997000000000
                  6.940526000000000
                  7.462523000000000
                  7.977200000000000
                  8.472919000000000
                  8.937942000000000
                  9.361212000000000
                  9.733130000000000
                 10.046160000000000
                 10.295210000000000
                 10.477810000000000
                 10.593970000000000
                 10.645910000000000
                  1.026309000000000
                  1.252199000000000
                  1.561522000000000
                  2.000870000000000
                  2.654355000000000
                  3.322948000000000
                  3.660799000000000
                  3.995332000000000
                  4.348296000000000
                  4.715551000000000
                  5.091576000000000
                  5.469580000000000
                  5.841768000000000
                  6.199769000000000
                  6.535154000000000
                  6.840014000000000
                  7.107495000000000
                  7.332235000000000
                  7.510636000000000
                  7.640962000000000
                  7.723264000000000
                  7.759179000000000
                   .706029400000000
                   .861629400000000
                  1.074819000000000
                  1.377859000000000
                  1.829111000000000
                  2.270432000000000
                  2.497346000000000
                  2.722994000000000
                  2.960712000000000
                  3.207679000000000
                  3.460162000000000
                  3.713598000000000
                  3.962774000000000
                  4.202111000000000
                  4.426009000000000
                  4.629230000000000
                  4.807250000000000
                  4.956536000000000
                  5.074737000000000
                  5.160731000000000
                  5.214587000000000
                  5.237417000000000
                   .427284900000000
                   .521579700000000
                   .650848400000000
                   .834746000000000
                  1.107928000000000
                  1.366585000000000
                  1.501101000000000
                  1.635307000000000
                  1.776496000000000
                  1.922973000000000
                  2.072518000000000
                  2.222426000000000
                  2.369625000000000
                  2.510833000000000
                  2.642767000000000
                  2.762366000000000
                  2.866989000000000
                  2.954584000000000
                  3.023788000000000
                  3.073961000000000
                  3.105158000000000
                  3.118047000000000
                   .202700200000000
                   .247494900000000
                   .308940300000000
                   .396425200000000
                   .526171900000000
                   .648006900000000
                   .711285800000000
                   .774373900000000
                   .840679200000000
                   .909403300000000
                   .979503000000000
                  1.049714000000000
                  1.118602000000000
                  1.184640000000000
                  1.246303000000000
                  1.302169000000000
                  1.351015000000000
                  1.391890000000000
                  1.424163000000000
                  1.447539000000000
                  1.462047000000000
                  1.467996000000000
                   .052676400000000
                   .064333810000000
                   .080334130000000
                   .103134400000000
                   .137209200000000
                   .170421600000000
                   .187232700000000
                   .203813200000000
                   .221239600000000
                   .239303500000000
                   .257732700000000
                   .276197200000000
                   .294322300000000
                   .311709200000000
                   .327958400000000
                   .342697500000000
                   .355605000000000
                   .366429800000000
                   .375004600000000
                   .381249200000000
                   .385167800000000
                   .386839000000000
                 21.000000000000000
                 21.000000000000000
                 21.000000000000000
                 21.000000000000000
                 21.000000000000000
                 21.000000000000000
                 21.000000000000000
                 21.000000000000000
                 21.000000000000000
                 21.000000000000000
                 21.000000000000000
                 21.000000000000000
                 21.000000000000000
                 21.000000000000000
                 21.000000000000000
                 21.000000000000000
                 21.000000000000000
                 21.000000000000000
                 21.000000000000000
                 21.000000000000000
                 21.000000000000000
                 21.000000000000000
                 21.000000000000000
                 21.000000000000000
                 21.000000000000000
                 21.000000000000000
                 21.000000000000000
                 21.000000000000000
                 21.000000000000000
                 21.000000000000000
                 21.000000000000000
                 21.000000000000000
                 21.000000000000000
                 21.000000000000000
                 21.000000000000000
                 21.000000000000000
                 21.000000000000000
                 21.000000000000000
                 21.000000000000000
                 21.000000000000000
                 21.000000000000000
                 21.000000000000000
                 21.000000000000000
                 21.000000000000000
                 21.000000000000000
                 21.000000000000000
                 21.000000000000000
                 21.000000000000000
                 21.000000000000000
                 21.000000000000000
                 21.000000000000000
                 21.000000000000000
                 21.000000000000000
                 21.000000000000000
                 21.000000000000000
                 21.000000000000000
                 21.000000000000000
                 21.000000000000000
                 21.000000000000000
                 21.000000000000000
                 21.000000000000000
                 21.000000000000000
                 21.000000000000000
                 21.000000000000000
                 21.000000000000000
                 21.000000000000000
                 21.000000000000000
                 21.000000000000000
                 21.000000000000000
                 21.000000000000000
                 21.000000000000000
                 21.000000000000000
                 21.000000000000000
                 21.000000000000000
                 21.000000000000000
                 21.000000000000000
                 21.000000000000000
                 21.000000000000000
                 21.000000000000000
                 21.000000000000000
                 21.000000000000000
                 21.000000000000000
                 21.000000000000000
                 21.000000000000000
                 21.000000000000000
                 21.000000000000000
                 21.000000000000000
                 21.000000000000000
                 21.000000000000000
                 21.000000000000000
                 21.000000000000000
                 21.000000000000000
                 21.000000000000000
                 21.000000000000000
                 21.000000000000000
                 21.000000000000000
                 21.000000000000000
                 21.000000000000000
                 21.000000000000000
                 21.000000000000000
                 21.000000000000000
                 21.000000000000000
                 21.000000000000000
                 21.000000000000000
                 21.000000000000000
                 21.000000000000000
                 21.000000000000000
                 21.000000000000000
                 21.000000000000000
                 21.000000000000000
                 21.000000000000000
                 21.000000000000000
                 21.000000000000000
                 21.000000000000000
                 21.000000000000000
                 21.000000000000000
                 21.000000000000000
                 21.000000000000000
                 21.000000000000000
                 21.000000000000000
                 21.000000000000000
                 21.000000000000000
                 21.000000000000000
                 21.000000000000000
                 21.000000000000000
                 21.000000000000000
                 21.000000000000000
                 21.000000000000000
                 21.000000000000000
                 21.000000000000000
                 21.000000000000000
                 21.000000000000000
                 21.000000000000000
                 21.000000000000000
                 21.000000000000000
                 21.000000000000000
                 21.000000000000000
                 21.000000000000000
                 21.000000000000000
                 21.000000000000000
                 21.000000000000000
                 21.000000000000000
                 21.000000000000000
                 21.000000000000000
                 21.000000000000000
                 21.000000000000000
                 21.000000000000000
                 21.000000000000000
                 21.000000000000000
                 21.000000000000000
                 21.000000000000000
                 21.000000000000000
                 21.000000000000000
                 21.000000000000000
                 21.000000000000000
                 21.000000000000000
                 21.000000000000000
                 21.000000000000000
                 21.000000000000000
                 21.000000000000000
                 21.000000000000000
                 21.000000000000000
                 21.000000000000000
                 21.000000000000000
                 21.000000000000000
                 21.000000000000000
                 21.000000000000000
                 21.000000000000000
                 21.000000000000000
                 21.000000000000000
                 21.000000000000000
                 21.000000000000000
                 21.000000000000000
                 21.000000000000000
                 21.000000000000000
                 21.000000000000000
                 21.000000000000000
                 21.000000000000000
                 21.000000000000000
                 21.000000000000000
                 21.000000000000000
                 21.000000000000000
                 21.000000000000000
                 21.000000000000000
                 21.000000000000000
                 21.000000000000000
                 21.000000000000000
                 21.000000000000000
                 21.000000000000000
                 21.000000000000000
                 21.000000000000000
                 21.000000000000000
                 21.000000000000000
                 21.000000000000000
                 21.000000000000000
                 21.000000000000000
                 21.000000000000000
                 21.000000000000000
                 21.000000000000000
                 21.000000000000000
                 21.000000000000000
                 21.000000000000000
                 21.000000000000000
                 21.000000000000000
                 21.000000000000000
                 21.000000000000000
                 21.000000000000000
                 21.000000000000000
                 21.000000000000000
                 21.000000000000000
                 21.000000000000000
                 21.000000000000000
                 21.000000000000000
                 21.000000000000000
                 21.000000000000000
                 21.000000000000000
                 21.000000000000000
                 21.000000000000000
                 21.000000000000000
                 21.000000000000000
                 21.000000000000000
                 21.000000000000000
                 21.000000000000000
                 21.000000000000000
                 21.000000000000000
                 21.000000000000000
                 21.000000000000000
                 21.000000000000000
                 21.000000000000000
                 21.000000000000000
                 21.000000000000000
                 21.000000000000000
                 21.000000000000000
                 21.000000000000000
                 21.000000000000000
                 21.000000000000000
                 21.000000000000000
                 21.000000000000000
                 21.000000000000000
                 21.000000000000000
                 21.000000000000000
                 21.000000000000000
                 21.000000000000000
                 21.000000000000000
                 21.000000000000000
                 21.000000000000000
                 21.000000000000000
                 21.000000000000000
                 21.000000000000000
                 21.000000000000000
                 21.000000000000000
                 21.000000000000000
                 21.000000000000000
                 21.000000000000000
                 21.000000000000000
                 21.000000000000000
                 21.000000000000000
                 21.000000000000000
                 21.000000000000000
                 21.000000000000000
                 21.000000000000000
                 21.000000000000000
                 21.000000000000000
                 21.000000000000000
                 21.000000000000000
                 21.000000000000000
                 21.000000000000000
                 21.000000000000000
                 21.000000000000000
                 21.000000000000000
                 21.000000000000000
                 21.000000000000000
                 21.000000000000000
                 21.000000000000000
                 21.000000000000000
                 21.000000000000000
                 21.000000000000000
                 21.000000000000000
                 21.000000000000000
                 21.000000000000000
                 21.000000000000000
                 21.000000000000000
                 21.000000000000000
                 21.000000000000000
                 21.000000000000000
                 21.000000000000000
                 21.000000000000000
                 21.000000000000000
                 21.000000000000000
                 21.000000000000000
                 21.000000000000000
                 21.000000000000000
                 21.000000000000000
                 21.000000000000000
                 21.000000000000000
                 21.000000000000000
                 21.000000000000000
                 21.000000000000000
                 21.000000000000000
                 21.000000000000000
                 21.000000000000000
                 21.000000000000000
                 21.000000000000000
                 21.000000000000000
                 21.000000000000000
                 21.000000000000000
                 21.000000000000000
                 21.000000000000000
                 19.030810000000000
                 21.000000000000000
                 21.000000000000000
                 21.000000000000000
                 21.000000000000000
                 21.000000000000000
                 21.000000000000000
                 21.000000000000000
                 21.000000000000000
                 21.000000000000000
                 21.000000000000000
                 21.000000000000000
                 21.000000000000000
                 21.000000000000000
                 21.000000000000000
                 21.000000000000000
                 21.000000000000000
                 21.000000000000000
                 21.000000000000000
                 21.000000000000000
                 21.000000000000000
                 21.000000000000000
                 16.030610000000000
                 19.540810000000000
                 21.000000000000000
                 21.000000000000000
                 21.000000000000000
                 21.000000000000000
                 21.000000000000000
                 21.000000000000000
                 21.000000000000000
                 21.000000000000000
                 21.000000000000000
                 21.000000000000000
                 21.000000000000000
                 21.000000000000000
                 21.000000000000000
                 21.000000000000000
                 21.000000000000000
                 21.000000000000000
                 21.000000000000000
                 21.000000000000000
                 21.000000000000000
                 21.000000000000000
                 13.238650000000000
                 16.141250000000000
                 20.109440000000000
                 21.000000000000000
                 21.000000000000000
                 21.000000000000000
                 21.000000000000000
                 21.000000000000000
                 21.000000000000000
                 21.000000000000000
                 21.000000000000000
                 21.000000000000000
                 21.000000000000000
                 21.000000000000000
                 21.000000000000000
                 21.000000000000000
                 21.000000000000000
                 21.000000000000000
                 21.000000000000000
                 21.000000000000000
                 21.000000000000000
                 21.000000000000000
                 10.661030000000000
                 13.001490000000000
                 16.202910000000000
                 20.743150000000000
                 21.000000000000000
                 21.000000000000000
                 21.000000000000000
                 21.000000000000000
                 21.000000000000000
                 21.000000000000000
                 21.000000000000000
                 21.000000000000000
                 21.000000000000000
                 21.000000000000000
                 21.000000000000000
                 21.000000000000000
                 21.000000000000000
                 21.000000000000000
                 21.000000000000000
                 21.000000000000000
                 21.000000000000000
                 21.000000000000000
                  8.300738000000000
                 10.125380000000000
                 12.622580000000000
                 16.166790000000000
                 21.000000000000000
                 21.000000000000000
                 21.000000000000000
                 21.000000000000000
                 21.000000000000000
                 21.000000000000000
                 21.000000000000000
                 21.000000000000000
                 21.000000000000000
                 21.000000000000000
                 21.000000000000000
                 21.000000000000000
                 21.000000000000000
                 21.000000000000000
                 21.000000000000000
                 21.000000000000000
                 21.000000000000000
                 21.000000000000000
                  6.157853000000000
                  7.513195000000000
                  9.369133000000000
                 12.005220000000000
                 15.926130000000000
                 19.937690000000000
                 21.000000000000000
                 21.000000000000000
                 21.000000000000000
                 21.000000000000000
                 21.000000000000000
                 21.000000000000000
                 21.000000000000000
                 21.000000000000000
                 21.000000000000000
                 21.000000000000000
                 21.000000000000000
                 21.000000000000000
                 21.000000000000000
                 21.000000000000000
                 21.000000000000000
                 21.000000000000000
                  4.236176000000000
                  5.169776000000000
                  6.448914000000000
                  8.267157000000000
                 10.974660000000000
                 13.622590000000000
                 14.984080000000000
                 16.337960000000000
                 17.764270000000000
                 19.246070000000000
                 20.760970000000000
                 21.000000000000000
                 21.000000000000000
                 21.000000000000000
                 21.000000000000000
                 21.000000000000000
                 21.000000000000000
                 21.000000000000000
                 21.000000000000000
                 21.000000000000000
                 21.000000000000000
                 21.000000000000000
                  2.563710000000000
                  3.129478000000000
                  3.905091000000000
                  5.008476000000000
                  6.647569000000000
                  8.199511000000000
                  9.006609000000000
                  9.811845000000000
                 10.658970000000000
                 11.537840000000000
                 12.435110000000000
                 13.334560000000000
                 14.217750000000000
                 15.065000000000000
                 15.856600000000000
                 16.574200000000000
                 17.201940000000000
                 17.727500000000000
                 18.142720000000000
                 18.443770000000000
                 18.630950000000000
                 18.708280000000000
                  1.216201000000000
                  1.484969000000000
                  1.853642000000000
                  2.378551000000000
                  3.157031000000000
                  3.888041000000000
                  4.267715000000000
                  4.646244000000000
                  5.044075000000000
                  5.456420000000000
                  5.877018000000000
                  6.298284000000000
                  6.711610000000000
                  7.107839000000000
                  7.477816000000000
                  7.813015000000000
                  8.106090000000000
                  8.351339000000000
                  8.544976000000000
                  8.685236000000000
                  8.772279000000000
                  8.807976000000000
                   .316058400000000
                   .386002800000000
                   .482004800000000
                   .618806700000000
                   .823255200000000
                  1.022530000000000
                  1.123396000000000
                  1.222879000000000
                  1.327438000000000
                  1.435821000000000
                  1.546396000000000
                  1.657183000000000
                  1.765934000000000
                  1.870255000000000
                  1.967750000000000
                  2.056185000000000
                  2.133630000000000
                  2.198579000000000
                  2.250028000000000
                  2.287496000000000
                  2.311007000000000
                  2.321034000000000
