 ephi(??)
                302.436900000000000
                280.410100000000000
                258.812000000000000
                237.740300000000000
                217.261400000000000
                197.346100000000000
                177.983600000000000
                159.235800000000000
                141.167100000000000
                123.826800000000000
                107.238800000000000
                 91.426030000000000
                 76.419980000000000
                 62.264310000000000
                 49.010730000000000
                 36.788010000000000
                 25.848270000000000
                 16.556290000000000
                  9.545491000000000
                  5.734241000000000
                  5.885698000000000
                  9.713926000000000
                 15.175360000000000
                 19.296930000000000
                 20.189740000000000
                   .000000000000000
