    0.000000E+00
    0.000000E+00
    0.000000E+00
    0.000000E+00
    0.000000E+00
    0.000000E+00
    0.000000E+00
    0.000000E+00
    0.000000E+00
    0.000000E+00
    0.000000E+00
    0.000000E+00
    0.000000E+00
    0.000000E+00
    0.000000E+00
    0.000000E+00
    0.000000E+00
    0.000000E+00
    0.000000E+00
    0.000000E+00
    0.000000E+00
    0.000000E+00
    0.000000E+00
    0.000000E+00
    0.000000E+00
    0.000000E+00
    0.000000E+00
    0.000000E+00
    0.000000E+00
    0.000000E+00
    0.000000E+00
    0.000000E+00
    0.000000E+00
    0.000000E+00
    0.000000E+00
    0.000000E+00
    0.000000E+00
    0.000000E+00
    0.000000E+00
    0.000000E+00
    0.000000E+00
    0.000000E+00
    0.000000E+00
    0.000000E+00
    0.000000E+00
    0.000000E+00
    0.000000E+00
    0.000000E+00
    0.000000E+00
    0.000000E+00
    0.000000E+00
    0.000000E+00
    0.000000E+00
    0.000000E+00
    0.000000E+00
    0.000000E+00
    0.000000E+00
    0.000000E+00
    0.000000E+00
    0.000000E+00
    0.000000E+00
    0.000000E+00
    0.000000E+00
    0.000000E+00
    0.000000E+00
    0.000000E+00
    0.000000E+00
    0.000000E+00
    0.000000E+00
    0.000000E+00
    0.000000E+00
    0.000000E+00
    0.000000E+00
    0.000000E+00
    0.000000E+00
    0.000000E+00
    0.000000E+00
    0.000000E+00
    0.000000E+00
    0.000000E+00
    0.000000E+00
    0.000000E+00
    0.000000E+00
    0.000000E+00
    0.000000E+00
    0.000000E+00
    0.000000E+00
    0.000000E+00
    0.000000E+00
    0.000000E+00
    0.000000E+00
    0.000000E+00
    0.000000E+00
    0.000000E+00
    0.000000E+00
    0.000000E+00
    0.000000E+00
    0.000000E+00
    0.000000E+00
    0.000000E+00
     3725.536000
    22353.220000
     3435.665000
    20613.990000
     3156.549000
    18939.300000
     2888.301000
    17329.800000
     2631.044000
    15786.260000
     2384.957000
    14309.740000
     2150.215000
    12901.290000
     1926.947000
    11561.680000
     1715.279000
    10291.680000
     1515.351000
     9092.108000
     1327.316000
     7963.894000
     1151.325000
     6907.952000
      987.529800
     5925.179000
      836.073100
     5016.438000
      697.094500
     4182.567000
      570.693200
     3424.159000
      456.899500
     2741.397000
      355.682400
     2134.094000
      266.855600
     1601.133000
      190.063900
     1140.383000
      125.012700
      750.076000
       71.989910
      431.939500
       32.315910
      193.895500
        7.894935
       47.369610
