 vintrinC(24)
                   .000000000000000
                   .000000000000000
                   .000000000000000
                   .000000000000000
                   .000000000000000
                   .000000000000000
                   .000000000000000
                   .000000000000000
                   .000000000000000
                   .000000000000000
                   .000000000000000
                   .000000000000000
                   .000000000000000
                   .000000000000000
                   .000000000000000
                   .002640422000000
                   .037986250000000
                   .418899000000000
                  3.734435000000000
                 26.784900000000000
                154.629200000000000
                704.120300000000000
               2422.734000000000000
               3311.865000000000000
