   n0    forbl   xmorbl  eorbl
  1      .000      .000      .000
  2      .000      .000      .000
  3      .000      .000      .000
  4      .000      .000      .000
  5      .000      .000      .000
  6      .000      .000      .000
  7      .000      .000      .000
  8      .000      .000      .000
  9      .000      .000      .001
 10      .000      .001      .001
 11      .001      .001      .002
 12      .001      .002      .004
 13      .002      .003      .007
 14      .003      .006      .011
 15      .006      .010      .018
 16      .010      .016      .028
 17      .017      .024      .041
 18      .029      .036      .061
 19      .046      .051      .090
 20      .076      .068      .139
 21      .132      .079      .228
 22      .234      .066      .356
 23      .380      .027      .466
 24      .485      .002      .499
   n0    forblC   xmorblC  eorblC
  1      .000      .000      .000
  2      .000      .000      .000
  3      .000      .000      .000
  4      .000      .000      .000
  5      .000      .000      .000
  6      .000      .000      .000
  7      .000      .000      .000
  8      .000      .000      .000
  9      .000      .000      .000
 10      .000      .000      .000
 11      .000      .000      .000
 12      .000      .000      .000
 13      .000      .000      .000
 14      .000      .000      .000
 15      .000      .000      .000
 16      .000      .000      .000
 17      .000      .000      .000
 18      .000      .000      .000
 19      .000      .000      .001
 20      .001      .003      .006
 21      .008      .012      .022
 22      .030      .037      .063
 23      .100      .079      .170
 24      .362      .036      .454
  n0   intrinD   intrinC  NBIreturn   Snbi      dFdr
  1  .665E-01  .000E+00  .000E+00  .000E+00  .169E-03
  2  .589E+00  .000E+00  .000E+00  .000E+00  .184E-03
  3  .113E+01  .000E+00  .000E+00  .000E+00  .392E-03
  4  .223E+01  .000E+00  .000E+00  .000E+00  .744E-03
  5  .421E+01  .000E+00  .000E+00  .000E+00  .155E-02
  6  .813E+01  .000E+00  .000E+00  .000E+00  .308E-02
  7  .155E+02  .000E+00  .000E+00  .000E+00  .603E-02
  8  .292E+02  .000E+00  .000E+00  .000E+00  .123E-01
  9  .556E+02  .000E+00  .000E+00  .000E+00  .227E-01
 10  .101E+03  .000E+00  .000E+00  .000E+00  .445E-01
 11  .184E+03  .000E+00  .000E+00  .000E+00  .827E-01
 12  .328E+03  .000E+00  .000E+00  .000E+00  .150E+00
 13  .569E+03  .000E+00  .000E+00  .000E+00  .265E+00
 14  .957E+03  .000E+00  .000E+00  .000E+00  .454E+00
 15  .156E+04  .136E-02  .000E+00  .000E+00  .776E+00
 16  .249E+04  .241E-01  .000E+00  .000E+00  .123E+01
 17  .378E+04  .335E+00  .000E+00  .000E+00  .198E+01
 18  .558E+04  .368E+01  .000E+00  .000E+00  .313E+01
 19  .788E+04  .299E+02  .000E+00  .000E+00  .524E+01
 20  .104E+05  .177E+03  .000E+00  .000E+00  .978E+01
 21  .121E+05  .763E+03  .000E+00  .000E+00  .179E+02
 22  .989E+04  .230E+04  .000E+00  .000E+00  .256E+02
 23  .397E+04  .483E+04  .000E+00  .000E+00  .185E+02
 24  .281E+03  .219E+04  .000E+00  .000E+00  .000E+00
 n0         ffrac1    ffrac2    ffrac3         nbdep1    nbilost   nbitot
 1         .00         .00         .00       .00      .000E+00    .000E+00
 2         .00         .00         .00       .00      .000E+00    .000E+00
 3         .00         .00         .00       .00      .000E+00    .000E+00
 4         .00         .00         .00       .00      .000E+00    .000E+00
 5         .00         .00         .00       .00      .000E+00    .000E+00
 6         .00         .00         .00       .00      .000E+00    .000E+00
 7         .00         .00         .00       .00      .000E+00    .000E+00
 8         .00         .00         .00       .00      .000E+00    .000E+00
 9         .00         .00         .00       .00      .000E+00    .000E+00
10         .00         .00         .00       .00      .000E+00    .000E+00
11         .00         .00         .00       .00      .000E+00    .000E+00
12         .00         .00         .00       .00      .000E+00    .000E+00
13         .00         .00         .00       .00      .000E+00    .000E+00
14         .00         .00         .00       .00      .000E+00    .000E+00
15         .00         .00         .00       .00      .000E+00    .000E+00
16         .00         .00         .00       .00      .000E+00    .000E+00
17         .00         .00         .00       .00      .000E+00    .000E+00
18         .00         .00         .00       .00      .000E+00    .000E+00
19         .00         .00         .00       .00      .000E+00    .000E+00
20         .00         .00         .00       .00      .000E+00    .000E+00
21         .00         .00         .00       .00      .000E+00    .000E+00
22         .00         .00         .00       .00      .000E+00    .000E+00
23         .00         .00         .00       .00      .000E+00    .000E+00
24         .00         .00         .00       .00      .000E+00    .000E+00
25         .00         .00         .00       .00      .000E+00    .000E+00
26         .00         .00         .00       .00      .000E+00    .000E+00
27         .00         .00         .00       .00      .000E+00    .000E+00
28         .00         .00         .00       .00      .000E+00    .000E+00
29         .00         .00         .00       .00      .000E+00    .000E+00
30         .00         .00         .00       .00      .000E+00    .000E+00
31         .00         .00         .00       .00      .000E+00    .000E+00
32         .00         .00         .00       .00      .000E+00    .000E+00
33         .00         .00         .00       .00      .000E+00    .000E+00
34         .00         .00         .00       .00      .000E+00    .000E+00
35         .00         .00         .00       .00      .000E+00    .000E+00
36         .00         .00         .00       .00      .000E+00    .000E+00
37         .00         .00         .00       .00      .000E+00    .000E+00
38         .00         .00         .00       .00      .000E+00    .000E+00
39         .00         .00         .00       .00      .000E+00    .000E+00
40         .00         .00         .00       .00      .000E+00    .000E+00
41         .00         .00         .00       .00      .000E+00    .000E+00
42         .00         .00         .00       .00      .000E+00    .000E+00
43         .00         .00         .00       .00      .000E+00    .000E+00
44         .00         .00         .00       .00      .000E+00    .000E+00
45         .00         .00         .00       .00      .000E+00    .000E+00
46         .00         .00         .00       .00      .000E+00    .000E+00
47         .00         .00         .00       .00      .000E+00    .000E+00
48         .00         .00         .00       .00      .000E+00    .000E+00
49         .00         .00         .00       .00      .000E+00    .000E+00
50         .00         .00         .00       .00      .000E+00    .000E+00
