 eorbl(24)
                   .000001061840000
                   .000008971629000
                   .000016899760000
                   .000032804940000
                   .000060940630000
                   .000115569300000
                   .000216213800000
                   .000398483400000
                   .000739480700000
                   .001314001000000
                   .002333914000000
                   .004041171000000
                   .006809860000000
                   .011148300000000
                   .017704310000000
                   .027525250000000
                   .041165490000000
                   .060877030000000
                   .090284540000000
                   .139307100000000
                   .227501000000000
                   .356305500000000
                   .466483100000000
                   .499057900000000
                   .000000000000000
                   .000000000000000
