 ephi(??)
                690.256800000000000
                664.412100000000000
                638.281900000000000
                611.910200000000000
                585.340900000000000
                558.639800000000000
                531.894800000000000
                505.149700000000000
                478.448600000000000
                451.813400000000000
                425.266000000000000
                398.894300000000000
                372.786000000000000
                346.941300000000000
                321.316200000000000
                295.910600000000000
                270.702600000000000
                245.692300000000000
                220.945500000000000
                196.593900000000000
                172.901100000000000
                150.284200000000000
                129.709400000000000
                112.647900000000000
                100.000000000000000
                   .000000000000000
