 xmorblc(24)
                   .000000000000000
                   .000000000000000
                   .000000000000000
                   .000000000000000
                   .000000000000000
                   .000000000000000
                   .000000000000000
                   .000000000000000
                   .000000000000000
                   .000000000000000
                   .000000000000000
                   .000000000000000
                   .000000000000000
                   .000000000000000
                   .000000020689220
                   .000000369142400
                   .000005190223000
                   .000057592490000
                   .000472815400000
                   .002828353000000
                   .012300720000000
                   .037389810000000
                   .079328910000000
                   .036434550000000
