 eorblc(24)
                   .000000000000000
                   .000000000000000
                   .000000000000000
                   .000000000000000
                   .000000000000000
                   .000000000000000
                   .000000000000000
                   .000000000000000
                   .000000000000000
                   .000000000000000
                   .000000000000000
                   .000000000000000
                   .000000000000000
                   .000000000000000
                   .000000067256640
                   .000001139287000
                   .000014454060000
                   .000144428500000
                   .001061383000000
                   .005663040000000
                   .022040360000000
                   .062565190000000
                   .170308000000000
                   .454136600000000
