 eorblc(24)
                   .000000000000000
                   .000000000000000
                   .000000000000000
                   .000000004076160
                   .000000034647360
                   .000000112094400
                   .000000466720400
                   .000001703835000
                   .000006059212000
                   .000020931080000
                   .000064990290000
                   .000192184800000
                   .000541793100000
                   .001378238000000
                   .003290527000000
                   .007362105000000
                   .014997530000000
                   .028253540000000
                   .049147370000000
                   .081244990000000
                   .136053200000000
                   .248515200000000
                   .427422700000000
                   .499665900000000
