 xmorblc(24)
                   .000000000000000
                   .000000000000000
                   .000000000000000
                   .000000000000000
                   .000000000000000
                   .000000000000000
                   .000000000000000
                   .000000000000000
                   .000000000000000
                   .000000000000000
                   .000000000000000
                   .000000000000000
                   .000000000000000
                   .000000000000000
                   .000000020689220
                   .000000131031700
                   .000000822765700
                   .000004791031000
                   .000022801180000
                   .000092839720000
                   .000340804900000
                   .001345615000000
                   .007863092000000
                   .033763900000000
